com.samsung.shealth.step_daily_trend,6221053,6
binning_data,update_time,create_time,source_pkg_name,source_type,count,speed,distance,calorie,deviceuuid,pkg_name,datauuid,day_time
8020bfa5-94df-4d57-852c-d82069badd37.binning_data.json,2022-01-15 20:56:47.204,2022-01-15 10:15:01.392,com.sec.android.app.shealth,-2,11416,1.7609516,9570.89,454.5,VfS0qUERdZ,com.sec.android.app.shealth,8020bfa5-94df-4d57-852c-d82069badd37,1642204800000,
366307be-70d8-4f8e-b470-b0a527565846.binning_data.json,2022-01-16 20:59:20.312,2022-01-15 21:13:00.056,com.sec.android.app.shealth,-2,40005,1.5477908,31683.39,1421.23,VfS0qUERdZ,com.sec.android.app.shealth,366307be-70d8-4f8e-b470-b0a527565846,1642291200000,
2abca6bc-1eb0-44ed-9a78-164741385d2f.binning_data.json,2022-01-17 21:08:26.598,2022-01-17 21:00:00.889,com.sec.android.app.shealth,0,14869,1.5920064,11863.811,603.33997,e7FCb+MfnB,com.sec.android.app.shealth,2abca6bc-1eb0-44ed-9a78-164741385d2f,1642377600000,
9995cdd6-053e-4144-8c47-a2bed49bec21.binning_data.json,2022-01-16 21:00:01.238,2022-01-16 21:00:01.238,com.sec.android.app.shealth,0,40005,1.5477908,31683.39,1421.23,e7FCb+MfnB,com.sec.android.app.shealth,9995cdd6-053e-4144-8c47-a2bed49bec21,1642291200000,
d930e3a1-2419-4e4c-8690-d2b999a9b08b.binning_data.json,2022-01-15 21:00:08.861,2022-01-15 21:00:01.395,com.sec.android.app.shealth,0,11827,1.7735976,9944.32,473.99,e7FCb+MfnB,com.sec.android.app.shealth,d930e3a1-2419-4e4c-8690-d2b999a9b08b,1642204800000,
8d896a93-aaef-4abf-a6f7-ec6c3ac05a60.binning_data.json,2022-01-17 20:57:56.352,2022-01-16 21:02:01.294,com.sec.android.app.shealth,-2,14861,1.5916504,11856.04,602.88,VfS0qUERdZ,com.sec.android.app.shealth,8d896a93-aaef-4abf-a6f7-ec6c3ac05a60,1642377600000,
1d127edd-1312-48c0-aaa6-4a0b7b2733ee.binning_data.json,2022-01-18 20:48:01.991,2022-01-17 21:15:05.201,com.sec.android.app.shealth,-2,12229,1.5156046,9664.99,495.03,VfS0qUERdZ,com.sec.android.app.shealth,1d127edd-1312-48c0-aaa6-4a0b7b2733ee,1642464000000,
c2dfeb27-8650-4bd0-9758-97b50aacfb47.binning_data.json,2022-01-20 21:00:01.151,2022-01-20 21:00:01.151,com.sec.android.app.shealth,0,14504,1.5545117,11500.9795,585.39996,e7FCb+MfnB,com.sec.android.app.shealth,c2dfeb27-8650-4bd0-9758-97b50aacfb47,1642636800000,
4dc45b09-ad52-4c82-b3ed-df9e9216506a.binning_data.json,2022-01-19 21:00:15.723,2022-01-19 21:00:15.723,com.sec.android.app.shealth,0,15163,1.6699129,12350.89,637.12,e7FCb+MfnB,com.sec.android.app.shealth,4dc45b09-ad52-4c82-b3ed-df9e9216506a,1642550400000,
d7fc8f85-a5dd-4b93-b0f7-e74ac82a7990.binning_data.json,2022-01-20 20:55:01.641,2022-01-19 21:13:27.027,com.sec.android.app.shealth,-2,14504,1.5545117,11500.9795,585.39996,VfS0qUERdZ,com.sec.android.app.shealth,d7fc8f85-a5dd-4b93-b0f7-e74ac82a7990,1642636800000,
e6b108b8-8410-4bf0-aa87-c5bbfcfe5744.binning_data.json,2022-01-18 21:00:00.903,2022-01-18 21:00:00.903,com.sec.android.app.shealth,0,12229,1.5156046,9664.99,495.03,e7FCb+MfnB,com.sec.android.app.shealth,e6b108b8-8410-4bf0-aa87-c5bbfcfe5744,1642464000000,
13efd1b2-aa99-4a17-816d-348b578dc2b2.binning_data.json,2022-01-19 20:58:38.097,2022-01-18 21:41:56.283,com.sec.android.app.shealth,-2,15163,1.6699129,12350.89,637.12,VfS0qUERdZ,com.sec.android.app.shealth,13efd1b2-aa99-4a17-816d-348b578dc2b2,1642550400000,
0cbad7e2-e59e-4024-ac77-877a05337feb.binning_data.json,2022-01-23 20:08:34.952,2022-01-22 21:00:29.080,com.sec.android.app.shealth,-2,13035,1.5717353,10362.89,524.64996,VfS0qUERdZ,com.sec.android.app.shealth,0cbad7e2-e59e-4024-ac77-877a05337feb,1642896000000,
64a4af81-77d0-4c42-9d54-f5b3e97acd0a.binning_data.json,2022-01-22 21:00:28.878,2022-01-22 21:00:01.162,com.sec.android.app.shealth,0,20788,1.5278622,16416.03,838.89,e7FCb+MfnB,com.sec.android.app.shealth,64a4af81-77d0-4c42-9d54-f5b3e97acd0a,1642809600000,
8e5266e5-17e4-4725-abd5-8dc4d72aaec0.binning_data.json,2022-01-23 21:00:00.791,2022-01-22 21:00:28.885,com.sec.android.app.shealth,0,13035,1.5717353,10362.89,524.64996,e7FCb+MfnB,com.sec.android.app.shealth,8e5266e5-17e4-4725-abd5-8dc4d72aaec0,1642896000000,
d5387fd3-5f92-4e5e-9662-773f0ca156a2.binning_data.json,2022-01-21 20:48:54.936,2022-01-20 21:50:56.697,com.sec.android.app.shealth,-2,18310,1.5710685,14571.04,742.39,VfS0qUERdZ,com.sec.android.app.shealth,d5387fd3-5f92-4e5e-9662-773f0ca156a2,1642723200000,
cb419784-275e-4b88-91f8-cf71ab5860fc.binning_data.json,2022-01-22 20:55:02.341,2022-01-21 21:09:53.980,com.sec.android.app.shealth,-2,20186,1.5255544,15938.61,814.82,VfS0qUERdZ,com.sec.android.app.shealth,cb419784-275e-4b88-91f8-cf71ab5860fc,1642809600000,
6adb8758-28f3-4862-8a20-e8c906e02d90.binning_data.json,2022-01-21 21:00:01.748,2022-01-21 21:00:01.748,com.sec.android.app.shealth,0,18310,1.5710685,14571.04,742.39,e7FCb+MfnB,com.sec.android.app.shealth,6adb8758-28f3-4862-8a20-e8c906e02d90,1642723200000,
ab75b872-17d8-468f-8b4b-5fbef0f0d0f6.binning_data.json,2022-01-25 21:00:00.969,2022-01-25 21:00:00.969,com.sec.android.app.shealth,0,10153,2.0902145,9135.391,501.77,e7FCb+MfnB,com.sec.android.app.shealth,ab75b872-17d8-468f-8b4b-5fbef0f0d0f6,1643068800000,
8c7e0b2e-3912-46c4-af31-02777ee9af30.binning_data.json,2022-01-24 19:21:40.275,2022-01-23 21:10:12.211,com.sec.android.app.shealth,-2,17244,1.8872658,14723.921,763.95996,VfS0qUERdZ,com.sec.android.app.shealth,8c7e0b2e-3912-46c4-af31-02777ee9af30,1642982400000,
6a3aab51-2fcb-4d1a-ab1c-d5cc88b677d5.binning_data.json,2022-01-26 21:00:01.035,2022-01-26 21:00:01.035,com.sec.android.app.shealth,0,4338,1.9458371,3783.31,202.26999,e7FCb+MfnB,com.sec.android.app.shealth,6a3aab51-2fcb-4d1a-ab1c-d5cc88b677d5,1643155200000,
cf0808c5-00c7-4a6c-b216-c389da562b3a.binning_data.json,2022-01-26 20:29:46.104,2022-01-25 21:36:43.729,com.sec.android.app.shealth,-2,4338,1.9458371,3783.31,202.26999,VfS0qUERdZ,com.sec.android.app.shealth,cf0808c5-00c7-4a6c-b216-c389da562b3a,1643155200000,
95d80d0c-ea21-459e-bcca-0bbe2580e173.binning_data.json,2022-01-24 21:00:00.890,2022-01-24 21:00:00.890,com.sec.android.app.shealth,0,17244,1.8872658,14723.921,763.95996,e7FCb+MfnB,com.sec.android.app.shealth,95d80d0c-ea21-459e-bcca-0bbe2580e173,1642982400000,
a51ab642-a163-41e7-9c9d-cf466389dc21.binning_data.json,2022-01-25 20:37:44.713,2022-01-25 06:34:27.806,com.sec.android.app.shealth,-2,10153,2.0902145,9135.391,501.77,VfS0qUERdZ,com.sec.android.app.shealth,a51ab642-a163-41e7-9c9d-cf466389dc21,1643068800000,
3010fe7e-f638-44ef-a111-2687bcc4354b.binning_data.json,2022-01-27 17:37:35.620,2022-01-26 21:43:25.461,com.sec.android.app.shealth,-2,15352,1.8567842,13304.8,717.01996,VfS0qUERdZ,com.sec.android.app.shealth,3010fe7e-f638-44ef-a111-2687bcc4354b,1643241600000,
81f1106e-bcfb-489a-8d0f-15b4be5efe99.binning_data.json,2022-01-29 21:00:01.098,2022-01-29 21:00:01.098,com.sec.android.app.shealth,0,13441,1.8026857,11413.22,604.79,e7FCb+MfnB,com.sec.android.app.shealth,81f1106e-bcfb-489a-8d0f-15b4be5efe99,1643414400000,
f52e18ec-5856-4c1f-9bfe-3aef17a5e2bc.binning_data.json,2022-01-29 19:21:58.620,2022-01-28 21:32:40.109,com.sec.android.app.shealth,-2,13441,1.8026857,11413.22,604.79,VfS0qUERdZ,com.sec.android.app.shealth,f52e18ec-5856-4c1f-9bfe-3aef17a5e2bc,1643414400000,
9b5514ae-162f-45f3-9c35-8b2cd026be85.binning_data.json,2022-01-28 21:00:01.166,2022-01-28 21:00:01.166,com.sec.android.app.shealth,0,18644,1.8968456,16102.73,860.02997,e7FCb+MfnB,com.sec.android.app.shealth,9b5514ae-162f-45f3-9c35-8b2cd026be85,1643328000000,
09bc80f2-fe79-4d55-bfb1-bda59c8f3547.binning_data.json,2022-01-27 21:00:00.861,2022-01-27 21:00:00.861,com.sec.android.app.shealth,0,15352,1.8567842,13304.8,717.01996,e7FCb+MfnB,com.sec.android.app.shealth,09bc80f2-fe79-4d55-bfb1-bda59c8f3547,1643241600000,
5b055eb0-8dcd-4e75-b2db-fdaa899c74ad.binning_data.json,2022-01-30 18:53:35.265,2022-01-29 21:02:12.933,com.sec.android.app.shealth,-2,10683,1.501035,8427.46,432.84998,VfS0qUERdZ,com.sec.android.app.shealth,5b055eb0-8dcd-4e75-b2db-fdaa899c74ad,1643500800000,
6f65ffe8-dab1-48b2-b5b6-7d57bdd5c55b.binning_data.json,2022-02-01 21:00:02.357,2022-02-01 21:00:02.357,com.sec.android.app.shealth,0,10391,1.7817104,8638.76,442.66995,e7FCb+MfnB,com.sec.android.app.shealth,6f65ffe8-dab1-48b2-b5b6-7d57bdd5c55b,1643673600000,
86391bcf-60c4-4e82-a75d-0e16720d2354.binning_data.json,2022-01-28 18:19:51.855,2022-01-27 21:25:00.960,com.sec.android.app.shealth,-2,18644,1.8968456,16102.73,860.02997,VfS0qUERdZ,com.sec.android.app.shealth,86391bcf-60c4-4e82-a75d-0e16720d2354,1643328000000,
adf94f55-fae0-474f-87b7-788076791100.binning_data.json,2022-02-01 19:58:19.998,2022-01-31 22:37:32.688,com.sec.android.app.shealth,-2,10391,1.7817104,8638.76,442.66995,VfS0qUERdZ,com.sec.android.app.shealth,adf94f55-fae0-474f-87b7-788076791100,1643673600000,
35d6c582-9b31-4d2f-99a8-cca2d71f346b.binning_data.json,2022-02-02 17:28:37.693,2022-02-02 08:55:04.318,com.sec.android.app.shealth,-2,1194,1.6955363,991.59,50.86,VfS0qUERdZ,com.sec.android.app.shealth,35d6c582-9b31-4d2f-99a8-cca2d71f346b,1643760000000,
8fe29902-d804-421e-975f-3be177fcba3a.binning_data.json,2022-01-30 21:00:01.013,2022-01-30 21:00:01.013,com.sec.android.app.shealth,0,10683,1.501035,8427.46,432.84998,e7FCb+MfnB,com.sec.android.app.shealth,8fe29902-d804-421e-975f-3be177fcba3a,1643500800000,
09df0272-f2ed-4ac8-acf7-b56f896ddcfc.binning_data.json,2022-02-04 21:00:01.321,2022-02-04 21:00:01.321,com.sec.android.app.shealth,0,10261,1.8871548,8694.5,445.86,e7FCb+MfnB,com.sec.android.app.shealth,09df0272-f2ed-4ac8-acf7-b56f896ddcfc,1643932800000,
55230b86-e0fc-44c5-b180-bcc10a1a7b0e.binning_data.json,2022-01-31 16:09:24.606,2022-01-30 22:36:45.988,com.sec.android.app.shealth,-2,8494,2.054213,7683.77,425.43,VfS0qUERdZ,com.sec.android.app.shealth,55230b86-e0fc-44c5-b180-bcc10a1a7b0e,1643587200000,
ab2edd9b-9c89-4d41-99cf-05cfa75836fd.binning_data.json,2022-01-31 21:06:23.308,2022-01-31 21:06:23.308,com.sec.android.app.shealth,0,8494,2.054213,7683.77,425.43,e7FCb+MfnB,com.sec.android.app.shealth,ab2edd9b-9c89-4d41-99cf-05cfa75836fd,1643587200000,
8c068a36-f4e7-4a4b-9634-fb1073633d29.binning_data.json,2022-02-05 18:28:01.068,2022-02-04 21:11:54.068,com.sec.android.app.shealth,-2,16672,1.7612431,13971.11,734.99,VfS0qUERdZ,com.sec.android.app.shealth,8c068a36-f4e7-4a4b-9634-fb1073633d29,1644019200000,
32a70355-d778-4098-a7ad-6bf769cf94d7.binning_data.json,2022-02-04 20:18:17.355,2022-02-03 21:49:34.059,com.sec.android.app.shealth,-2,10261,1.8871548,8694.5,445.86,VfS0qUERdZ,com.sec.android.app.shealth,32a70355-d778-4098-a7ad-6bf769cf94d7,1643932800000,
1c757fb0-e59c-4ecc-92c5-559530aa92a0.binning_data.json,2022-02-02 21:00:01.359,2022-02-02 21:00:01.359,com.sec.android.app.shealth,0,1194,1.6955363,991.59,50.86,e7FCb+MfnB,com.sec.android.app.shealth,1c757fb0-e59c-4ecc-92c5-559530aa92a0,1643760000000,
b0dd9ee7-8608-41df-adb3-199496a7386c.binning_data.json,2022-02-07 21:00:00.937,2022-02-07 21:00:00.937,com.sec.android.app.shealth,0,11582,1.802424,9710.52,495.62,e7FCb+MfnB,com.sec.android.app.shealth,b0dd9ee7-8608-41df-adb3-199496a7386c,1644192000000,
5300ed08-cc05-49c1-a7c3-80fadd43175d.binning_data.json,2022-02-03 20:32:06.205,2022-02-03 06:23:13.684,com.sec.android.app.shealth,-2,4287,1.7780937,3573.09,175.83,VfS0qUERdZ,com.sec.android.app.shealth,5300ed08-cc05-49c1-a7c3-80fadd43175d,1643846400000,
dc7de2c3-caab-4a3f-bf14-c7e5a7388a1f.binning_data.json,2022-02-03 21:00:00.696,2022-02-03 21:00:00.696,com.sec.android.app.shealth,0,4287,1.7780937,3573.09,175.83,e7FCb+MfnB,com.sec.android.app.shealth,dc7de2c3-caab-4a3f-bf14-c7e5a7388a1f,1643846400000,
2fa15ddc-652d-4792-b982-98c0bbca8025.binning_data.json,2022-02-08 20:58:59.986,2022-02-07 22:18:47.021,com.sec.android.app.shealth,-2,12026,1.61429,9606.869,486.14996,VfS0qUERdZ,com.sec.android.app.shealth,2fa15ddc-652d-4792-b982-98c0bbca8025,1644278400000,
1457deef-6634-44ed-a82c-a78ba4b12e39.binning_data.json,2022-02-07 18:58:52.329,2022-02-06 21:52:38.331,com.sec.android.app.shealth,-2,11582,1.802424,9710.52,495.62,VfS0qUERdZ,com.sec.android.app.shealth,1457deef-6634-44ed-a82c-a78ba4b12e39,1644192000000,
ea1e91c1-464d-4487-b225-8e9e94b8463e.binning_data.json,2022-02-05 21:00:01.427,2022-02-05 21:00:01.427,com.sec.android.app.shealth,0,16672,1.7612431,13971.11,734.99,e7FCb+MfnB,com.sec.android.app.shealth,ea1e91c1-464d-4487-b225-8e9e94b8463e,1644019200000,
9d68b8d6-73f2-42fb-be56-adec00ba9fe0.binning_data.json,2022-02-10 21:00:01.079,2022-02-10 21:00:01.079,com.sec.android.app.shealth,0,23321,1.6892549,19073.99,969.50995,e7FCb+MfnB,com.sec.android.app.shealth,9d68b8d6-73f2-42fb-be56-adec00ba9fe0,1644451200000,
796b469b-2776-4ab5-a371-9dc31b5b4db5.binning_data.json,2022-02-06 18:39:54.340,2022-02-06 07:55:02.793,com.sec.android.app.shealth,-2,17471,1.751921,14317.65,721.89996,VfS0qUERdZ,com.sec.android.app.shealth,796b469b-2776-4ab5-a371-9dc31b5b4db5,1644105600000,
13b0d18a-857b-4429-b3e1-2b41204571cc.binning_data.json,2022-02-10 20:51:51.350,2022-02-09 21:03:12.765,com.sec.android.app.shealth,-2,23321,1.6892549,19073.99,969.50995,VfS0qUERdZ,com.sec.android.app.shealth,13b0d18a-857b-4429-b3e1-2b41204571cc,1644451200000,
88214296-75a2-4bb3-9ace-e893145d7445.binning_data.json,2022-02-08 21:00:01.250,2022-02-08 21:00:01.250,com.sec.android.app.shealth,0,12026,1.61429,9606.869,486.14996,e7FCb+MfnB,com.sec.android.app.shealth,88214296-75a2-4bb3-9ace-e893145d7445,1644278400000,
9a2ea826-5757-4c01-83b3-8d0e0fe42134.binning_data.json,2022-02-11 20:59:41.179,2022-02-10 21:15:01.412,com.sec.android.app.shealth,-2,26022,1.65012,20884.55,1049.97,VfS0qUERdZ,com.sec.android.app.shealth,9a2ea826-5757-4c01-83b3-8d0e0fe42134,1644537600000,
22cdfe64-57ba-48dc-bbc6-dc8b0d8be055.binning_data.json,2022-02-09 20:17:00.969,2022-02-08 22:51:06.702,com.sec.android.app.shealth,-2,17721,1.7151033,14545.85,735.18,VfS0qUERdZ,com.sec.android.app.shealth,22cdfe64-57ba-48dc-bbc6-dc8b0d8be055,1644364800000,
5ebbb531-6873-48f1-af2e-1dee227c50be.binning_data.json,2022-02-13 19:35:01.390,2022-02-12 21:02:05.247,com.sec.android.app.shealth,-2,26206,2.0160384,23342.18,1287.01,VfS0qUERdZ,com.sec.android.app.shealth,5ebbb531-6873-48f1-af2e-1dee227c50be,1644710400000,
0ee41928-6d8e-4cc7-b819-c35a7ce3270d.binning_data.json,2022-02-13 21:00:01.125,2022-02-12 21:02:05.117,com.sec.android.app.shealth,0,26206,2.0160384,23342.18,1287.01,e7FCb+MfnB,com.sec.android.app.shealth,0ee41928-6d8e-4cc7-b819-c35a7ce3270d,1644710400000,
7371e56b-dd07-4a34-9b36-4fef7a6502d1.binning_data.json,2022-02-06 21:00:01.071,2022-02-06 21:00:01.071,com.sec.android.app.shealth,0,17471,1.751921,14317.65,721.89996,e7FCb+MfnB,com.sec.android.app.shealth,7371e56b-dd07-4a34-9b36-4fef7a6502d1,1644105600000,
d37ebf8a-108f-4691-9ec0-e6c4001aac5d.binning_data.json,2022-02-14 20:29:48.327,2022-02-13 21:19:02.629,com.sec.android.app.shealth,-2,23833,1.7802516,19932.51,1026.77,VfS0qUERdZ,com.sec.android.app.shealth,d37ebf8a-108f-4691-9ec0-e6c4001aac5d,1644796800000,
01f43942-d489-4e3a-a6ec-ac122b6e7cbb.binning_data.json,2022-02-11 21:00:01.463,2022-02-11 21:00:01.463,com.sec.android.app.shealth,0,26022,1.65012,20884.55,1049.97,e7FCb+MfnB,com.sec.android.app.shealth,01f43942-d489-4e3a-a6ec-ac122b6e7cbb,1644537600000,
389f2c47-7217-4c62-921a-ea6bd9dedaf2.binning_data.json,2022-02-12 20:02:00.343,2022-02-11 21:11:20.332,com.sec.android.app.shealth,-2,23152,1.666062,18635.85,936.02997,VfS0qUERdZ,com.sec.android.app.shealth,389f2c47-7217-4c62-921a-ea6bd9dedaf2,1644624000000,
c86c2663-5349-438c-82d5-063fd5da439c.binning_data.json,2022-02-16 21:00:00.913,2022-02-16 21:00:00.913,com.sec.android.app.shealth,0,8224,2.0463493,7305.66,400.86,e7FCb+MfnB,com.sec.android.app.shealth,c86c2663-5349-438c-82d5-063fd5da439c,1644969600000,
966dc8bd-a339-4249-89d3-c26e8ec6af70.binning_data.json,2022-02-16 18:41:26.305,2022-02-15 21:57:03.637,com.sec.android.app.shealth,-2,8224,2.0463493,7305.66,400.86,VfS0qUERdZ,com.sec.android.app.shealth,966dc8bd-a339-4249-89d3-c26e8ec6af70,1644969600000,
6da43976-7e72-484a-aef6-0ffb42b0a3f0.binning_data.json,2022-02-09 21:00:00.852,2022-02-09 21:00:00.852,com.sec.android.app.shealth,0,17721,1.7151033,14545.85,735.18,e7FCb+MfnB,com.sec.android.app.shealth,6da43976-7e72-484a-aef6-0ffb42b0a3f0,1644364800000,
a94e1fb7-9dca-4608-860a-54d71ae97705.binning_data.json,2022-02-17 20:53:49.537,2022-02-16 22:15:58.508,com.sec.android.app.shealth,-2,7593,2.0856552,6846.79,383.71,VfS0qUERdZ,com.sec.android.app.shealth,a94e1fb7-9dca-4608-860a-54d71ae97705,1645056000000,
8873ca7b-10fc-4641-88e0-c6718393fa8f.binning_data.json,2022-02-15 16:59:23.060,2022-02-15 06:31:38.328,com.sec.android.app.shealth,-2,19114,1.7030991,15809.87,822.5399,VfS0qUERdZ,com.sec.android.app.shealth,8873ca7b-10fc-4641-88e0-c6718393fa8f,1644883200000,
375caca4-a262-4b68-b916-bb5c3e2fd81b.binning_data.json,2022-02-19 21:00:02.625,2022-02-19 21:00:02.625,com.sec.android.app.shealth,0,12534,1.6618885,10188.72,512.21,e7FCb+MfnB,com.sec.android.app.shealth,375caca4-a262-4b68-b916-bb5c3e2fd81b,1645228800000,
0c83b42a-ccae-4b3a-8fda-6bce54816cd1.binning_data.json,2022-02-12 21:02:05.124,2022-02-12 21:00:01.792,com.sec.android.app.shealth,0,23181,1.6659542,18658.98,937.11993,e7FCb+MfnB,com.sec.android.app.shealth,0c83b42a-ccae-4b3a-8fda-6bce54816cd1,1644624000000,
ae21047e-d011-4044-b8a1-2058be68080f.binning_data.json,2022-02-14 21:00:00.969,2022-02-14 21:00:00.969,com.sec.android.app.shealth,0,23833,1.7802516,19932.51,1026.77,e7FCb+MfnB,com.sec.android.app.shealth,ae21047e-d011-4044-b8a1-2058be68080f,1644796800000,
b0389017-ef4c-4b7e-8399-3203f5256d06.binning_data.json,2022-02-18 18:54:29.887,2022-02-17 22:58:39.518,com.sec.android.app.shealth,-2,7488,1.6634387,6082.11,308.34998,VfS0qUERdZ,com.sec.android.app.shealth,b0389017-ef4c-4b7e-8399-3203f5256d06,1645142400000,
c59f5f9a-114c-4809-8f9e-f57f9620d667.binning_data.json,2022-02-19 19:34:50.385,2022-02-19 04:46:40.306,com.sec.android.app.shealth,-2,12534,1.6618885,10188.72,512.21,VfS0qUERdZ,com.sec.android.app.shealth,c59f5f9a-114c-4809-8f9e-f57f9620d667,1645228800000,
dba522fb-5b7b-4b52-9132-ae7ae23ad944.binning_data.json,2022-02-20 19:36:48.990,2022-02-20 09:39:21.324,com.sec.android.app.shealth,-2,12105,1.984205,10651.7705,578.05,VfS0qUERdZ,com.sec.android.app.shealth,dba522fb-5b7b-4b52-9132-ae7ae23ad944,1645315200000,
6bd6f2eb-e79b-42d0-8c9d-f4f6d405eab0.binning_data.json,2022-02-22 21:00:01.176,2022-02-22 21:00:01.176,com.sec.android.app.shealth,0,13422,1.6832485,11091.19,573.31,e7FCb+MfnB,com.sec.android.app.shealth,6bd6f2eb-e79b-42d0-8c9d-f4f6d405eab0,1645488000000,
82f9bd49-4f2d-4c0e-ba6a-b63f166791f2.binning_data.json,2022-02-15 21:00:01.242,2022-02-15 21:00:01.242,com.sec.android.app.shealth,0,19114,1.7030991,15809.87,822.5399,e7FCb+MfnB,com.sec.android.app.shealth,82f9bd49-4f2d-4c0e-ba6a-b63f166791f2,1644883200000,
dd3ba336-0092-41ef-9f01-9e530f563cb5.binning_data.json,2022-02-22 19:17:41.304,2022-02-21 23:38:57.399,com.sec.android.app.shealth,-2,13422,1.6832485,11091.19,573.31,VfS0qUERdZ,com.sec.android.app.shealth,dd3ba336-0092-41ef-9f01-9e530f563cb5,1645488000000,
7078263d-f4ed-4ce8-bd0c-f1a3d0d26bc7.binning_data.json,2022-02-21 20:42:08.513,2022-02-20 21:41:26.800,com.sec.android.app.shealth,-2,4241,1.9584867,3750.74,204.55,VfS0qUERdZ,com.sec.android.app.shealth,7078263d-f4ed-4ce8-bd0c-f1a3d0d26bc7,1645401600000,
5a7ef8d3-530d-4cd0-855d-64b1903dfd6c.binning_data.json,2022-02-25 21:00:01.878,2022-02-25 21:00:01.878,com.sec.android.app.shealth,0,7018,1.7552105,5829.73,297.19998,e7FCb+MfnB,com.sec.android.app.shealth,5a7ef8d3-530d-4cd0-855d-64b1903dfd6c,1645747200000,
604a2c0f-4426-46bf-8441-fb5ddb0e8171.binning_data.json,2022-02-17 21:00:01.081,2022-02-17 21:00:01.081,com.sec.android.app.shealth,0,7593,2.0856552,6846.79,383.71,e7FCb+MfnB,com.sec.android.app.shealth,604a2c0f-4426-46bf-8441-fb5ddb0e8171,1645056000000,
d8f0200b-248b-4782-af5f-ea4665328fc3.binning_data.json,2022-02-18 21:00:02.399,2022-02-18 21:00:02.399,com.sec.android.app.shealth,0,7488,1.6634387,6082.11,308.34998,e7FCb+MfnB,com.sec.android.app.shealth,d8f0200b-248b-4782-af5f-ea4665328fc3,1645142400000,
bdb79510-6f66-4c55-83ad-4f2675c24031.binning_data.json,2022-02-26 21:00:10.320,2022-02-23 22:30:30.780,com.sec.android.app.shealth,-2,7550,1.7450197,6266.18,319.47998,VfS0qUERdZ,com.sec.android.app.shealth,bdb79510-6f66-4c55-83ad-4f2675c24031,1645660800000,
791d07f0-01f2-4865-93e8-14f18d5c928b.binning_data.json,2022-02-28 21:00:04.155,2022-02-28 21:00:04.155,com.sec.android.app.shealth,0,9692,1.5702965,7769.06,397.82,e7FCb+MfnB,com.sec.android.app.shealth,791d07f0-01f2-4865-93e8-14f18d5c928b,1646006400000,
68338c47-b4ad-40c9-8bcb-2dcc727a1e34.binning_data.json,2022-02-23 16:30:34.442,2022-02-22 21:44:10.688,com.sec.android.app.shealth,-2,2560,1.639292,2049.5698,102.99999,VfS0qUERdZ,com.sec.android.app.shealth,68338c47-b4ad-40c9-8bcb-2dcc727a1e34,1645574400000,
c37d791c-11ac-4476-a817-c9776f25e925.binning_data.json,2022-02-27 20:11:01.274,2022-02-26 21:19:28.689,com.sec.android.app.shealth,-2,16021,1.5233952,12684.88,647.63995,VfS0qUERdZ,com.sec.android.app.shealth,c37d791c-11ac-4476-a817-c9776f25e925,1645920000000,
dda7af07-e7b7-435b-a1b8-afe6fe6fee4c.binning_data.json,2022-02-25 18:24:15.604,2022-02-24 21:17:11.794,com.sec.android.app.shealth,-2,7018,1.7552105,5829.73,297.19998,VfS0qUERdZ,com.sec.android.app.shealth,dda7af07-e7b7-435b-a1b8-afe6fe6fee4c,1645747200000,
a1b00de0-8e3b-4899-8d6f-290bea2b8cd2.binning_data.json,2022-02-20 21:00:01.144,2022-02-20 21:00:01.144,com.sec.android.app.shealth,0,12105,1.984205,10651.7705,578.05,e7FCb+MfnB,com.sec.android.app.shealth,a1b00de0-8e3b-4899-8d6f-290bea2b8cd2,1645315200000,
40674425-138e-4103-8842-1316257603eb.binning_data.json,2022-03-03 21:03:27.601,2022-03-03 21:00:01.181,com.sec.android.app.shealth,0,6956,1.5296062,5510.02,280.53998,e7FCb+MfnB,com.sec.android.app.shealth,40674425-138e-4103-8842-1316257603eb,1646265600000,
bc591eca-275a-4cf6-a67e-82f61f5284ff.binning_data.json,2022-02-21 21:00:00.789,2022-02-21 21:00:00.789,com.sec.android.app.shealth,0,4241,1.9584867,3750.74,204.55,e7FCb+MfnB,com.sec.android.app.shealth,bc591eca-275a-4cf6-a67e-82f61f5284ff,1645401600000,
a4ee6230-ab04-4871-8586-40663d55a88b.binning_data.json,2022-02-28 20:59:14.263,2022-02-27 22:03:41.325,com.sec.android.app.shealth,-2,9692,1.5702965,7769.06,397.82,VfS0qUERdZ,com.sec.android.app.shealth,a4ee6230-ab04-4871-8586-40663d55a88b,1646006400000,
0a50f6db-74ba-4e59-b4f1-1f5104f5fe97.binning_data.json,2022-02-24 21:00:03.108,2022-02-24 21:00:03.108,com.sec.android.app.shealth,0,7550,1.7450197,6266.18,319.47998,e7FCb+MfnB,com.sec.android.app.shealth,0a50f6db-74ba-4e59-b4f1-1f5104f5fe97,1645660800000,
9abaa9ca-42d2-45cb-aa75-e42086f7518a.binning_data.json,2022-03-02 20:39:41.572,2022-03-01 21:02:05.068,com.sec.android.app.shealth,-2,7945,1.5429459,6290.67,319.19,VfS0qUERdZ,com.sec.android.app.shealth,9abaa9ca-42d2-45cb-aa75-e42086f7518a,1646179200000,
f386a022-4e7c-403a-ab27-44268e37aeba.binning_data.json,2022-02-26 20:54:22.396,2022-02-25 22:23:12.044,com.sec.android.app.shealth,-2,12657,1.5491529,10036.7,508.43997,VfS0qUERdZ,com.sec.android.app.shealth,f386a022-4e7c-403a-ab27-44268e37aeba,1645833600000,
263014c6-89b9-4e1d-bf66-0139fcf6fed0.binning_data.json,2022-03-04 21:00:01.951,2022-03-02 21:05:00.099,com.sec.android.app.shealth,-2,6956,1.5296062,5510.02,280.53998,VfS0qUERdZ,com.sec.android.app.shealth,263014c6-89b9-4e1d-bf66-0139fcf6fed0,1646265600000,
f4c44903-6bb9-4d0d-9ec2-de189a03647f.binning_data.json,2022-03-06 21:00:01.321,2022-03-06 21:00:01.321,com.sec.android.app.shealth,0,12513,1.602722,10037.38,508.97998,e7FCb+MfnB,com.sec.android.app.shealth,f4c44903-6bb9-4d0d-9ec2-de189a03647f,1646524800000,
98387bdb-186e-4010-899b-a6d19d1eedc9.binning_data.json,2022-03-01 21:00:02.199,2022-02-28 21:02:44.658,com.sec.android.app.shealth,-2,6946,1.5768151,5578.67,286.0,VfS0qUERdZ,com.sec.android.app.shealth,98387bdb-186e-4010-899b-a6d19d1eedc9,1646092800000,
3ffb25cf-82e3-4e8f-b44e-f8629adb4531.binning_data.json,2022-03-05 20:50:12.618,2022-03-04 22:00:33.337,com.sec.android.app.shealth,-2,13119,1.5177004,10348.65,524.63,VfS0qUERdZ,com.sec.android.app.shealth,3ffb25cf-82e3-4e8f-b44e-f8629adb4531,1646438400000,
6ec0321a-d90d-4688-89f9-99a4617abbbf.binning_data.json,2022-02-27 21:00:02.011,2022-02-27 21:00:02.011,com.sec.android.app.shealth,0,16021,1.5233952,12684.88,647.63995,e7FCb+MfnB,com.sec.android.app.shealth,6ec0321a-d90d-4688-89f9-99a4617abbbf,1645920000000,
e02c3967-5a1d-475a-b7cd-6ab70678ebac.binning_data.json,2022-03-06 20:29:23.610,2022-03-05 21:00:10.142,com.sec.android.app.shealth,-2,12513,1.602722,10037.38,508.97998,VfS0qUERdZ,com.sec.android.app.shealth,e02c3967-5a1d-475a-b7cd-6ab70678ebac,1646524800000,
de770c29-1c29-4db8-a987-cad8001e8dd0.binning_data.json,2022-03-09 21:00:01.953,2022-03-09 21:00:01.953,com.sec.android.app.shealth,0,16639,1.4430426,12978.7,669.56,e7FCb+MfnB,com.sec.android.app.shealth,de770c29-1c29-4db8-a987-cad8001e8dd0,1646784000000,
f22b0081-6bbb-49e3-92dd-0a1744ca76c2.binning_data.json,2022-02-23 21:00:01.728,2022-02-23 21:00:01.728,com.sec.android.app.shealth,0,2560,1.639292,2049.5698,102.99999,e7FCb+MfnB,com.sec.android.app.shealth,f22b0081-6bbb-49e3-92dd-0a1744ca76c2,1645574400000,
6bd7301c-ea51-4876-9caa-a6be35660ef2.binning_data.json,2022-03-04 21:00:01.307,2022-03-03 21:03:27.612,com.sec.android.app.shealth,0,13445,1.6044776,10828.53,549.45,e7FCb+MfnB,com.sec.android.app.shealth,6bd7301c-ea51-4876-9caa-a6be35660ef2,1646352000000,
5e8469b8-b975-455e-bc74-c2c0fb4b4ccb.binning_data.json,2022-03-09 19:27:24.979,2022-03-08 21:05:13.811,com.sec.android.app.shealth,-2,16639,1.4430426,12978.7,669.56,VfS0qUERdZ,com.sec.android.app.shealth,5e8469b8-b975-455e-bc74-c2c0fb4b4ccb,1646784000000,
29e47a49-a334-476b-9e32-ba309666eb11.binning_data.json,2022-03-08 20:17:17.968,2022-03-07 21:02:39.143,com.sec.android.app.shealth,-2,8461,1.5806265,6774.5103,344.01,VfS0qUERdZ,com.sec.android.app.shealth,29e47a49-a334-476b-9e32-ba309666eb11,1646697600000,
46015589-d75b-462c-af25-a0a95b39cee8.binning_data.json,2022-03-07 20:40:43.357,2022-03-06 21:17:00.422,com.sec.android.app.shealth,-2,25286,1.5313296,19964.09,1016.42993,VfS0qUERdZ,com.sec.android.app.shealth,46015589-d75b-462c-af25-a0a95b39cee8,1646611200000,
3afdc747-a9d9-47d4-ac87-95aa6e073c5d.binning_data.json,2022-03-02 21:00:01.407,2022-03-02 21:00:01.407,com.sec.android.app.shealth,0,7945,1.5429459,6290.67,319.19,e7FCb+MfnB,com.sec.android.app.shealth,3afdc747-a9d9-47d4-ac87-95aa6e073c5d,1646179200000,
14cd9485-444b-4305-a62d-f8d78779bd71.binning_data.json,2022-03-12 21:00:00.854,2022-03-12 21:00:00.854,com.sec.android.app.shealth,0,7170,1.5862093,5764.15,294.41998,e7FCb+MfnB,com.sec.android.app.shealth,14cd9485-444b-4305-a62d-f8d78779bd71,1647043200000,
dec8feb3-6fa2-468e-b0e7-6e5cf4aad099.binning_data.json,2022-02-26 21:00:01.286,2022-02-26 21:00:01.286,com.sec.android.app.shealth,0,12657,1.5491529,10036.7,508.43997,e7FCb+MfnB,com.sec.android.app.shealth,dec8feb3-6fa2-468e-b0e7-6e5cf4aad099,1645833600000,
9c27bcbb-5016-44d7-b8ef-811d03ec602d.binning_data.json,2022-03-12 21:00:01.562,2022-03-12 06:15:02.227,com.sec.android.app.shealth,-2,7170,1.5862093,5764.15,294.41998,VfS0qUERdZ,com.sec.android.app.shealth,9c27bcbb-5016-44d7-b8ef-811d03ec602d,1647043200000,
264f8c96-b8e1-4aae-97ed-8e65ee7a2f15.binning_data.json,2022-03-10 20:23:52.560,2022-03-10 07:51:45.527,com.sec.android.app.shealth,-2,7109,1.5011744,5611.05,287.21,VfS0qUERdZ,com.sec.android.app.shealth,264f8c96-b8e1-4aae-97ed-8e65ee7a2f15,1646870400000,
90bec38f-c2d0-4e68-834f-ad2dd58f41f3.binning_data.json,2022-03-15 21:00:03.975,2022-03-15 21:00:03.975,com.sec.android.app.shealth,0,8617,1.555491,6861.9897,349.00998,e7FCb+MfnB,com.sec.android.app.shealth,90bec38f-c2d0-4e68-834f-ad2dd58f41f3,1647302400000,
a4502a41-b329-4a48-be69-b3e4a77e7627.binning_data.json,2022-03-01 21:00:01.766,2022-03-01 21:00:01.766,com.sec.android.app.shealth,0,6946,1.5768151,5578.67,286.0,e7FCb+MfnB,com.sec.android.app.shealth,a4502a41-b329-4a48-be69-b3e4a77e7627,1646092800000,
dbaf1467-d579-4660-a9c7-0428a0f8acb5.binning_data.json,2022-03-11 21:00:01.280,2022-03-10 22:04:48.056,com.sec.android.app.shealth,-2,14252,1.4981673,11169.19,570.08997,VfS0qUERdZ,com.sec.android.app.shealth,dbaf1467-d579-4660-a9c7-0428a0f8acb5,1646956800000,
5fd9dcd6-e370-49c6-b5c0-829a723fb5f5.binning_data.json,2022-03-05 21:00:00.932,2022-03-05 21:00:00.932,com.sec.android.app.shealth,0,13119,1.5177004,10348.65,524.63,e7FCb+MfnB,com.sec.android.app.shealth,5fd9dcd6-e370-49c6-b5c0-829a723fb5f5,1646438400000,
2e97b155-fc8f-449e-bb0f-4d5484eca883.binning_data.json,2022-03-15 19:52:11.321,2022-03-14 21:52:14.069,com.sec.android.app.shealth,-2,8617,1.555491,6861.9897,349.00998,VfS0qUERdZ,com.sec.android.app.shealth,2e97b155-fc8f-449e-bb0f-4d5484eca883,1647302400000,
dbf0919b-96d1-402b-b2e9-e306a4f234e4.binning_data.json,2022-03-14 21:00:04.081,2022-03-12 21:00:23.223,com.sec.android.app.shealth,-2,8406,1.4979099,6638.26,339.79,VfS0qUERdZ,com.sec.android.app.shealth,dbf0919b-96d1-402b-b2e9-e306a4f234e4,1647129600000,
1977de50-f411-42d0-ae27-3a8ae955c0a5.binning_data.json,2022-03-04 20:55:52.843,2022-03-03 21:03:27.837,com.sec.android.app.shealth,-2,13445,1.6044776,10828.53,549.45,VfS0qUERdZ,com.sec.android.app.shealth,1977de50-f411-42d0-ae27-3a8ae955c0a5,1646352000000,
6ebcc111-1e47-4b16-a104-5f1630035756.binning_data.json,2022-03-18 21:00:01.070,2022-03-18 21:00:01.070,com.sec.android.app.shealth,0,7887,1.5510451,6232.8,315.86,e7FCb+MfnB,com.sec.android.app.shealth,6ebcc111-1e47-4b16-a104-5f1630035756,1647561600000,
8bd61a22-9580-4a36-8a58-dee59251872d.binning_data.json,2022-03-08 21:00:08.929,2022-03-08 21:00:08.929,com.sec.android.app.shealth,0,8461,1.5806265,6774.5103,344.01,e7FCb+MfnB,com.sec.android.app.shealth,8bd61a22-9580-4a36-8a58-dee59251872d,1646697600000,
c2142186-1d99-43ea-9525-02860a941c4f.binning_data.json,2022-03-18 20:59:59.800,2022-03-18 05:35:01.414,com.sec.android.app.shealth,-2,7887,1.5510451,6232.8,315.86,VfS0qUERdZ,com.sec.android.app.shealth,c2142186-1d99-43ea-9525-02860a941c4f,1647561600000,
13fd203c-495f-4dc0-a057-0273d4126332.binning_data.json,2022-03-16 20:49:45.755,2022-03-15 21:49:47.193,com.sec.android.app.shealth,-2,16156,1.536778,12837.13,656.57996,VfS0qUERdZ,com.sec.android.app.shealth,13fd203c-495f-4dc0-a057-0273d4126332,1647388800000,
51cb86c4-8df3-4f58-b80a-e15c7a9768eb.binning_data.json,2022-03-21 21:00:01.089,2022-03-21 21:00:01.089,com.sec.android.app.shealth,0,18407,1.4911468,14411.3,741.00995,e7FCb+MfnB,com.sec.android.app.shealth,51cb86c4-8df3-4f58-b80a-e15c7a9768eb,1647820800000,
27d3b1f1-575d-455a-a050-38c2146c5b38.binning_data.json,2022-03-14 21:00:03.172,2022-03-13 21:00:09.490,com.sec.android.app.shealth,0,16983,1.5053793,13396.49,685.0,e7FCb+MfnB,com.sec.android.app.shealth,27d3b1f1-575d-455a-a050-38c2146c5b38,1647216000000,
79fa2e2a-f751-4954-a0ae-83ea8b0658a6.binning_data.json,2022-03-21 20:31:11.990,2022-03-20 21:14:26.953,com.sec.android.app.shealth,-2,18407,1.4911468,14411.3,741.00995,VfS0qUERdZ,com.sec.android.app.shealth,79fa2e2a-f751-4954-a0ae-83ea8b0658a6,1647820800000,
9d4dcf50-076d-4d09-9621-09d86f6b4592.binning_data.json,2022-03-11 21:00:00.804,2022-03-11 21:00:00.804,com.sec.android.app.shealth,0,14252,1.4981673,11169.19,570.08997,e7FCb+MfnB,com.sec.android.app.shealth,9d4dcf50-076d-4d09-9621-09d86f6b4592,1646956800000,
5248edff-1e9d-44b2-839d-acf08a3ccc63.binning_data.json,2022-03-07 21:00:01.380,2022-03-07 21:00:01.380,com.sec.android.app.shealth,0,25286,1.5313296,19964.09,1016.42993,e7FCb+MfnB,com.sec.android.app.shealth,5248edff-1e9d-44b2-839d-acf08a3ccc63,1646611200000,
28c78033-8bdf-423a-90c4-ee4b5333a624.binning_data.json,2022-03-19 20:39:31.841,2022-03-18 21:07:52.413,com.sec.android.app.shealth,-2,14690,1.5169243,11578.029,593.74,VfS0qUERdZ,com.sec.android.app.shealth,28c78033-8bdf-423a-90c4-ee4b5333a624,1647648000000,
546c6fe2-3af5-4585-8510-e3a4a3b22c92.binning_data.json,2022-03-24 21:00:01.399,2022-03-24 21:00:01.399,com.sec.android.app.shealth,0,13329,1.5520967,10528.17,537.82996,e7FCb+MfnB,com.sec.android.app.shealth,546c6fe2-3af5-4585-8510-e3a4a3b22c92,1648080000000,
18e228b5-5769-4fdc-96c0-05293673bb64.binning_data.json,2022-03-17 19:43:07.148,2022-03-17 07:42:08.031,com.sec.android.app.shealth,-2,11787,1.5300468,9285.3,472.07,VfS0qUERdZ,com.sec.android.app.shealth,18e228b5-5769-4fdc-96c0-05293673bb64,1647475200000,
7a658a79-7abe-44b9-89c9-2c2184c7766e.binning_data.json,2022-03-14 20:53:47.892,2022-03-13 21:00:09.678,com.sec.android.app.shealth,-2,16983,1.5053793,13396.49,685.0,VfS0qUERdZ,com.sec.android.app.shealth,7a658a79-7abe-44b9-89c9-2c2184c7766e,1647216000000,
def6d3f0-0fd9-432c-84a4-998a4e167cae.binning_data.json,2022-03-10 21:00:01.169,2022-03-10 21:00:01.169,com.sec.android.app.shealth,0,7109,1.5011744,5611.05,287.21,e7FCb+MfnB,com.sec.android.app.shealth,def6d3f0-0fd9-432c-84a4-998a4e167cae,1646870400000,
fbd021bd-a9ba-40b5-ae16-6fd7dc5d6464.binning_data.json,2022-03-27 21:00:01.094,2022-03-27 21:00:01.094,com.sec.android.app.shealth,0,26179,1.5544121,20586.12,1048.59,e7FCb+MfnB,com.sec.android.app.shealth,fbd021bd-a9ba-40b5-ae16-6fd7dc5d6464,1648339200000,
110dc895-baa3-408b-a22a-ba0a962d54ff.binning_data.json,2022-03-24 20:12:56.068,2022-03-23 21:31:43.485,com.sec.android.app.shealth,-2,13329,1.5520967,10528.17,537.82996,VfS0qUERdZ,com.sec.android.app.shealth,110dc895-baa3-408b-a22a-ba0a962d54ff,1648080000000,
a82439d4-e72c-450a-9faa-32304ed132c4.binning_data.json,2022-03-13 21:00:09.489,2022-03-13 21:00:01.276,com.sec.android.app.shealth,0,8406,1.4979099,6638.26,339.79,e7FCb+MfnB,com.sec.android.app.shealth,a82439d4-e72c-450a-9faa-32304ed132c4,1647129600000,
84930493-0da2-4c6f-95af-e2aca8b37e6f.binning_data.json,2022-03-22 20:52:46.213,2022-03-21 21:00:56.853,com.sec.android.app.shealth,-2,20550,1.3894374,15895.29,825.25,VfS0qUERdZ,com.sec.android.app.shealth,84930493-0da2-4c6f-95af-e2aca8b37e6f,1647907200000,
ffb7db58-7ce7-4d4e-907a-936940da3bb8.binning_data.json,2022-03-20 19:57:51.622,2022-03-20 02:12:31.894,com.sec.android.app.shealth,-2,21012,1.4120972,16220.79,841.14996,VfS0qUERdZ,com.sec.android.app.shealth,ffb7db58-7ce7-4d4e-907a-936940da3bb8,1647734400000,
e8424bad-f940-4423-b4a9-695a94635fc5.binning_data.json,2022-03-17 21:00:01.182,2022-03-17 21:00:01.182,com.sec.android.app.shealth,0,11787,1.5300468,9285.3,472.07,e7FCb+MfnB,com.sec.android.app.shealth,e8424bad-f940-4423-b4a9-695a94635fc5,1647475200000,
07927a2d-24b7-4853-a5dd-229ec7d23238.binning_data.json,2022-03-30 21:00:01.270,2022-03-30 21:00:01.270,com.sec.android.app.shealth,0,13302,1.5248593,10455.75,534.08997,e7FCb+MfnB,com.sec.android.app.shealth,07927a2d-24b7-4853-a5dd-229ec7d23238,1648598400000,
6d1e1c50-7c3a-4968-9a4a-4595da84d9c8.binning_data.json,2022-03-27 18:45:30.228,2022-03-26 21:15:02.353,com.sec.android.app.shealth,-2,26179,1.5544121,20586.12,1048.59,VfS0qUERdZ,com.sec.android.app.shealth,6d1e1c50-7c3a-4968-9a4a-4595da84d9c8,1648339200000,
175259ba-b2d6-4545-b608-20ab23946304.binning_data.json,2022-03-25 20:55:03.431,2022-03-24 21:43:36.447,com.sec.android.app.shealth,-2,10571,1.5596832,8370.21,427.44998,VfS0qUERdZ,com.sec.android.app.shealth,175259ba-b2d6-4545-b608-20ab23946304,1648166400000,
51881f25-5d01-4810-bcd1-7742a7bfaccd.binning_data.json,2022-03-20 21:00:01.209,2022-03-20 21:00:01.209,com.sec.android.app.shealth,0,21012,1.4120972,16220.79,841.14996,e7FCb+MfnB,com.sec.android.app.shealth,51881f25-5d01-4810-bcd1-7742a7bfaccd,1647734400000,
050ba18d-f851-467a-a4fe-b097ae90c3a9.binning_data.json,2022-04-02 21:00:30.499,2022-04-02 21:00:01.336,com.sec.android.app.shealth,0,18655,1.606724,14889.749,755.6099,e7FCb+MfnB,com.sec.android.app.shealth,050ba18d-f851-467a-a4fe-b097ae90c3a9,1648857600000,
48d73249-ed4c-49fd-b33d-532d2e2742c1.binning_data.json,2022-03-16 21:00:00.823,2022-03-16 21:00:00.823,com.sec.android.app.shealth,0,16156,1.536778,12837.13,656.57996,e7FCb+MfnB,com.sec.android.app.shealth,48d73249-ed4c-49fd-b33d-532d2e2742c1,1647388800000,
1b412f76-e712-45e4-a7a6-64c41bfba9e9.binning_data.json,2022-03-23 19:15:02.433,2022-03-22 21:40:43.698,com.sec.android.app.shealth,-2,16295,1.5146468,12790.779,656.29,VfS0qUERdZ,com.sec.android.app.shealth,1b412f76-e712-45e4-a7a6-64c41bfba9e9,1647993600000,
d47d5264-a13f-4113-9714-eb5f34498927.binning_data.json,2022-04-05 21:15:06.432,2022-04-05 21:00:01.367,com.sec.android.app.shealth,0,27493,1.4666483,21410.879,1101.7399,e7FCb+MfnB,com.sec.android.app.shealth,d47d5264-a13f-4113-9714-eb5f34498927,1649116800000,
2c084ad2-2cbe-4fcb-bc47-9b6dcfe11923.binning_data.json,2022-03-30 19:55:09.865,2022-03-29 21:45:02.987,com.sec.android.app.shealth,-2,13302,1.5248593,10455.75,534.08997,VfS0qUERdZ,com.sec.android.app.shealth,2c084ad2-2cbe-4fcb-bc47-9b6dcfe11923,1648598400000,
ac86827f-5b94-4137-80a2-1b1148f69d76.binning_data.json,2022-03-19 21:00:01.886,2022-03-19 21:00:01.886,com.sec.android.app.shealth,0,14690,1.5169243,11578.029,593.74,e7FCb+MfnB,com.sec.android.app.shealth,ac86827f-5b94-4137-80a2-1b1148f69d76,1647648000000,
5c5bfb32-c213-4313-80d4-6ebe739d6604.binning_data.json,2022-03-28 20:01:20.446,2022-03-27 21:12:55.561,com.sec.android.app.shealth,-2,26838,1.5163122,21051.26,1080.39,VfS0qUERdZ,com.sec.android.app.shealth,5c5bfb32-c213-4313-80d4-6ebe739d6604,1648425600000,
9cb785f6-0593-47e5-a72a-351c22b4f316.binning_data.json,2022-03-26 18:11:32.309,2022-03-26 07:00:08.439,com.sec.android.app.shealth,-2,13077,1.6120373,10364.739,523.23,VfS0qUERdZ,com.sec.android.app.shealth,9cb785f6-0593-47e5-a72a-351c22b4f316,1648252800000,
ee949f34-bd35-4315-8397-f7fd936907a1.binning_data.json,2022-03-23 21:00:01.260,2022-03-23 21:00:01.260,com.sec.android.app.shealth,0,16295,1.5146468,12790.779,656.29,e7FCb+MfnB,com.sec.android.app.shealth,ee949f34-bd35-4315-8397-f7fd936907a1,1647993600000,
b27ae028-b6db-4821-800e-f148eb0221ae.binning_data.json,2022-04-08 20:08:33.128,2022-04-07 21:01:18.428,com.sec.android.app.shealth,-2,14460,1.5873638,11630.91,591.62,VfS0qUERdZ,com.sec.android.app.shealth,b27ae028-b6db-4821-800e-f148eb0221ae,1649376000000,
054d182f-dbbb-4f3f-9322-45a924b89244.binning_data.json,2022-03-22 21:00:01.460,2022-03-22 21:00:01.460,com.sec.android.app.shealth,0,20550,1.3894374,15895.29,825.25,e7FCb+MfnB,com.sec.android.app.shealth,054d182f-dbbb-4f3f-9322-45a924b89244,1647907200000,
8e9dcd8f-b98e-4cd2-8497-5ad809309c48.binning_data.json,2022-03-26 21:00:01.449,2022-03-26 21:00:01.449,com.sec.android.app.shealth,0,13077,1.6120373,10364.739,523.23,e7FCb+MfnB,com.sec.android.app.shealth,8e9dcd8f-b98e-4cd2-8497-5ad809309c48,1648252800000,
785fac39-45d0-47cd-925d-1c54839919f7.binning_data.json,2022-03-29 19:55:40.430,2022-03-28 21:03:25.337,com.sec.android.app.shealth,-2,10537,1.5186304,8318.539,426.86,VfS0qUERdZ,com.sec.android.app.shealth,785fac39-45d0-47cd-925d-1c54839919f7,1648512000000,
b490deaf-150c-4e1d-9dd4-38c96a244c50.binning_data.json,2022-04-02 21:00:31.405,2022-04-01 21:26:04.229,com.sec.android.app.shealth,-2,18655,1.606724,14889.749,755.6099,VfS0qUERdZ,com.sec.android.app.shealth,b490deaf-150c-4e1d-9dd4-38c96a244c50,1648857600000,
a0952b10-d09a-4a4f-ada3-91f731c5c014.binning_data.json,2022-04-01 21:00:01.898,2022-03-30 21:36:58.786,com.sec.android.app.shealth,-2,14511,1.5494368,11460.509,584.99994,VfS0qUERdZ,com.sec.android.app.shealth,a0952b10-d09a-4a4f-ada3-91f731c5c014,1648684800000,
8833c47d-27fd-46e8-9ffb-f3760ca11098.binning_data.json,2022-03-25 21:00:01.041,2022-03-25 21:00:01.041,com.sec.android.app.shealth,0,10571,1.5596832,8370.21,427.44998,e7FCb+MfnB,com.sec.android.app.shealth,8833c47d-27fd-46e8-9ffb-f3760ca11098,1648166400000,
3b930929-41d6-45eb-ab86-d115bc3a12aa.binning_data.json,2022-03-29 21:00:01.249,2022-03-29 21:00:01.249,com.sec.android.app.shealth,0,10537,1.5186304,8318.539,426.86,e7FCb+MfnB,com.sec.android.app.shealth,3b930929-41d6-45eb-ab86-d115bc3a12aa,1648512000000,
14d82d2b-96e9-41da-ad87-15ff06d2903b.binning_data.json,2022-04-03 21:00:13.914,2022-04-02 21:00:30.475,com.sec.android.app.shealth,0,17661,1.5515699,13939.409,710.17,e7FCb+MfnB,com.sec.android.app.shealth,14d82d2b-96e9-41da-ad87-15ff06d2903b,1648944000000,
a0f19bc3-b491-48ce-8f4f-ae624c024bb7.binning_data.json,2022-04-11 21:03:22.198,2022-04-11 21:00:01.298,com.sec.android.app.shealth,0,19734,1.5097128,15505.87,798.42,e7FCb+MfnB,com.sec.android.app.shealth,a0f19bc3-b491-48ce-8f4f-ae624c024bb7,1649635200000,
1a67d792-9cc3-4915-a83f-a88354f81082.binning_data.json,2022-04-01 21:00:01.283,2022-03-31 21:06:33.033,com.sec.android.app.shealth,0,8631,1.538486,6815.52,348.18,e7FCb+MfnB,com.sec.android.app.shealth,1a67d792-9cc3-4915-a83f-a88354f81082,1648771200000,
b0650832-2516-4dcf-b82b-4737b49d7abe.binning_data.json,2022-04-01 20:22:46.436,2022-03-31 21:06:33.334,com.sec.android.app.shealth,-2,8631,1.538486,6815.52,348.18,VfS0qUERdZ,com.sec.android.app.shealth,b0650832-2516-4dcf-b82b-4737b49d7abe,1648771200000,
03513b0a-2e27-4846-9015-e2a1e1ef06c1.binning_data.json,2022-04-06 21:00:02.005,2022-04-04 21:31:16.013,com.sec.android.app.shealth,-2,27493,1.4666483,21410.879,1101.7399,VfS0qUERdZ,com.sec.android.app.shealth,03513b0a-2e27-4846-9015-e2a1e1ef06c1,1649116800000,
7841be22-12c6-4e06-8331-d93f2880d974.binning_data.json,2022-04-04 20:09:53.352,2022-04-04 00:01:45.021,com.sec.android.app.shealth,-2,10748,1.5750729,8575.09,438.00998,VfS0qUERdZ,com.sec.android.app.shealth,7841be22-12c6-4e06-8331-d93f2880d974,1649030400000,
1bb95752-7d12-44be-a7d7-10f11f488d16.binning_data.json,2022-03-28 21:00:01.365,2022-03-28 21:00:01.365,com.sec.android.app.shealth,0,26838,1.5163122,21051.26,1080.39,e7FCb+MfnB,com.sec.android.app.shealth,1bb95752-7d12-44be-a7d7-10f11f488d16,1648425600000,
bba3b46f-51f6-4f3e-b837-72b60e82d876.binning_data.json,2022-04-14 21:00:03.884,2022-04-14 21:00:03.884,com.sec.android.app.shealth,0,3914,1.5562873,3131.87,158.37,e7FCb+MfnB,com.sec.android.app.shealth,bba3b46f-51f6-4f3e-b837-72b60e82d876,1649894400000,
1b6ce907-5269-48a1-823f-a6524320ecf8.binning_data.json,2022-04-06 19:20:09.887,2022-04-05 21:19:52.874,com.sec.android.app.shealth,-2,13035,1.5479856,10298.019,526.1699,VfS0qUERdZ,com.sec.android.app.shealth,1b6ce907-5269-48a1-823f-a6524320ecf8,1649203200000,
b979fb73-b017-4afb-8a81-771f43ee1c49.binning_data.json,2022-04-08 21:00:01.167,2022-04-07 21:01:18.120,com.sec.android.app.shealth,0,14460,1.5873638,11630.91,591.62,e7FCb+MfnB,com.sec.android.app.shealth,b979fb73-b017-4afb-8a81-771f43ee1c49,1649376000000,
c56bc40e-272a-4e67-a834-4c62380f687e.binning_data.json,2022-04-04 21:00:00.748,2022-04-04 21:00:00.748,com.sec.android.app.shealth,0,10748,1.5750729,8575.09,438.00998,e7FCb+MfnB,com.sec.android.app.shealth,c56bc40e-272a-4e67-a834-4c62380f687e,1649030400000,
6415e0a6-a992-4be6-be0f-93f217adb4ed.binning_data.json,2022-04-08 21:00:01.804,2022-04-06 21:28:49.711,com.sec.android.app.shealth,-2,14389,1.5206746,11414.25,590.75995,VfS0qUERdZ,com.sec.android.app.shealth,6415e0a6-a992-4be6-be0f-93f217adb4ed,1649289600000,
eb03b96d-c22f-4143-8de3-99308ad24b75.binning_data.json,2022-04-17 21:00:02.905,2022-04-17 21:00:02.905,com.sec.android.app.shealth,0,13328,1.4978327,10487.03,538.85,e7FCb+MfnB,com.sec.android.app.shealth,eb03b96d-c22f-4143-8de3-99308ad24b75,1650153600000,
d9455c2d-1e99-41ea-aa33-a8b1d23959d8.binning_data.json,2022-03-31 21:06:33.037,2022-03-31 21:00:50.651,com.sec.android.app.shealth,0,14511,1.5494368,11460.509,584.99994,e7FCb+MfnB,com.sec.android.app.shealth,d9455c2d-1e99-41ea-aa33-a8b1d23959d8,1648684800000,
6a2f3775-ee10-4b0d-8c60-6a666a046163.binning_data.json,2022-04-12 21:00:01.892,2022-04-10 22:05:01.068,com.sec.android.app.shealth,-2,19734,1.5097128,15505.87,798.42,VfS0qUERdZ,com.sec.android.app.shealth,6a2f3775-ee10-4b0d-8c60-6a666a046163,1649635200000,
ba0d5d79-34a7-4ac9-89d4-0f870a832a03.binning_data.json,2022-04-07 21:01:18.129,2022-04-07 21:00:01.337,com.sec.android.app.shealth,0,14389,1.5206746,11414.25,590.75995,e7FCb+MfnB,com.sec.android.app.shealth,ba0d5d79-34a7-4ac9-89d4-0f870a832a03,1649289600000,
c37ab701-70c3-4ab7-aad1-cbe4000c467d.binning_data.json,2022-04-03 20:18:11.930,2022-04-02 21:00:30.591,com.sec.android.app.shealth,-2,17661,1.5515699,13939.409,710.17,VfS0qUERdZ,com.sec.android.app.shealth,c37ab701-70c3-4ab7-aad1-cbe4000c467d,1648944000000,
e9948d17-6a9d-4d10-8966-41e7c3b15291.binning_data.json,2022-04-09 18:57:00.467,2022-04-08 21:08:05.341,com.sec.android.app.shealth,-2,14300,1.6254017,11484.41,578.13,VfS0qUERdZ,com.sec.android.app.shealth,e9948d17-6a9d-4d10-8966-41e7c3b15291,1649462400000,
6f48932c-149f-463a-90f0-f09984d75476.binning_data.json,2022-04-10 20:38:44.781,2022-04-09 21:07:11.450,com.sec.android.app.shealth,-2,13785,1.5574701,10986.1,556.20996,VfS0qUERdZ,com.sec.android.app.shealth,6f48932c-149f-463a-90f0-f09984d75476,1649548800000,
2094d22b-ad87-4be3-8c78-737fee7184d9.binning_data.json,2022-04-10 21:00:01.311,2022-04-10 21:00:01.311,com.sec.android.app.shealth,0,13785,1.5574701,10986.1,556.20996,e7FCb+MfnB,com.sec.android.app.shealth,2094d22b-ad87-4be3-8c78-737fee7184d9,1649548800000,
640a5e6c-0845-4505-8722-6b6d05861237.binning_data.json,2022-04-20 21:00:02.357,2022-04-20 21:00:02.357,com.sec.android.app.shealth,0,13396,1.615586,10719.689,540.44995,e7FCb+MfnB,com.sec.android.app.shealth,640a5e6c-0845-4505-8722-6b6d05861237,1650412800000,
55ca71a8-4416-490b-a9a0-12a34e052370.binning_data.json,2022-04-13 21:00:01.257,2022-04-13 21:00:01.257,com.sec.android.app.shealth,0,8183,1.509891,6451.42,328.83,e7FCb+MfnB,com.sec.android.app.shealth,55ca71a8-4416-490b-a9a0-12a34e052370,1649808000000,
e14bb158-bcad-4e28-96a9-01938c2a2dba.binning_data.json,2022-04-13 20:17:00.028,2022-04-12 21:14:01.726,com.sec.android.app.shealth,-2,8183,1.509891,6451.42,328.83,VfS0qUERdZ,com.sec.android.app.shealth,e14bb158-bcad-4e28-96a9-01938c2a2dba,1649808000000,
c1f21bcd-8b5b-4ebb-a021-3a885ec6f0b2.binning_data.json,2022-04-14 17:17:18.238,2022-04-13 21:25:27.883,com.sec.android.app.shealth,-2,3914,1.5562873,3131.87,158.37,VfS0qUERdZ,com.sec.android.app.shealth,c1f21bcd-8b5b-4ebb-a021-3a885ec6f0b2,1649894400000,
6c329a14-5025-45dd-8415-c7e9999d46d0.binning_data.json,2022-04-06 21:00:01.324,2022-04-06 21:00:01.324,com.sec.android.app.shealth,0,13035,1.5479856,10298.019,526.1699,e7FCb+MfnB,com.sec.android.app.shealth,6c329a14-5025-45dd-8415-c7e9999d46d0,1649203200000,
0fafb8a9-398f-4155-a01c-d4434850aaaf.binning_data.json,2022-04-23 20:44:32.231,2022-04-22 21:04:44.782,com.sec.android.app.shealth,-2,14383,1.6383806,11602.47,583.05,VfS0qUERdZ,com.sec.android.app.shealth,0fafb8a9-398f-4155-a01c-d4434850aaaf,1650672000000,
e064a3ba-c170-4bab-bbad-647688f533f5.binning_data.json,2022-04-16 21:00:01.412,2022-04-16 21:00:01.412,com.sec.android.app.shealth,0,8311,1.6108284,6666.29,334.18,e7FCb+MfnB,com.sec.android.app.shealth,e064a3ba-c170-4bab-bbad-647688f533f5,1650067200000,
49027686-6e57-4143-b2ff-069ffc5d96ff.binning_data.json,2022-04-12 21:00:01.132,2022-04-11 21:03:22.206,com.sec.android.app.shealth,0,16090,1.5513124,12769.62,647.7,e7FCb+MfnB,com.sec.android.app.shealth,49027686-6e57-4143-b2ff-069ffc5d96ff,1649721600000,
126999ed-efce-4e90-93d9-666c02c433f4.binning_data.json,2022-04-09 21:00:02.133,2022-04-09 21:00:02.133,com.sec.android.app.shealth,0,14300,1.6254017,11484.41,578.13,e7FCb+MfnB,com.sec.android.app.shealth,126999ed-efce-4e90-93d9-666c02c433f4,1649462400000,
f4af3099-7f66-47f1-a60d-6c3b84f206be.binning_data.json,2022-04-16 20:58:20.155,2022-04-15 21:35:43.800,com.sec.android.app.shealth,-2,8311,1.6108284,6666.29,334.18,VfS0qUERdZ,com.sec.android.app.shealth,f4af3099-7f66-47f1-a60d-6c3b84f206be,1650067200000,
3a744f95-9b1e-4d75-89dd-0bb38173d45d.binning_data.json,2022-04-17 20:54:57.517,2022-04-16 21:04:25.839,com.sec.android.app.shealth,-2,13328,1.4978327,10487.03,538.85,VfS0qUERdZ,com.sec.android.app.shealth,3a744f95-9b1e-4d75-89dd-0bb38173d45d,1650153600000,
19c97cd9-d094-4904-b32d-450fe5345c16.binning_data.json,2022-04-26 21:00:01.382,2022-04-26 21:00:01.382,com.sec.android.app.shealth,0,7481,1.5569164,5940.23,299.18,e7FCb+MfnB,com.sec.android.app.shealth,19c97cd9-d094-4904-b32d-450fe5345c16,1650931200000,
3a3b2abc-a4c0-4d5c-93c5-eca234811a82.binning_data.json,2022-04-15 20:58:41.722,2022-04-14 21:43:13.401,com.sec.android.app.shealth,-2,22216,1.4756219,17272.65,891.93994,VfS0qUERdZ,com.sec.android.app.shealth,3a3b2abc-a4c0-4d5c-93c5-eca234811a82,1649980800000,
02a73b8b-fa4a-46e4-8f2c-13cb8e1c803e.binning_data.json,2022-04-19 21:00:01.334,2022-04-19 21:00:01.334,com.sec.android.app.shealth,0,13404,1.5396253,10565.83,537.14996,e7FCb+MfnB,com.sec.android.app.shealth,02a73b8b-fa4a-46e4-8f2c-13cb8e1c803e,1650326400000,
6513e428-1a51-48b5-b5bb-13e8c2af55bc.binning_data.json,2022-04-20 19:28:29.068,2022-04-19 21:55:01.043,com.sec.android.app.shealth,-2,13396,1.615586,10719.689,540.44995,VfS0qUERdZ,com.sec.android.app.shealth,6513e428-1a51-48b5-b5bb-13e8c2af55bc,1650412800000,
f876a915-46e2-4cf9-a698-4dbb388e6a95.binning_data.json,2022-04-19 20:25:14.804,2022-04-18 21:01:42.109,com.sec.android.app.shealth,-2,13404,1.5396253,10565.83,537.14996,VfS0qUERdZ,com.sec.android.app.shealth,f876a915-46e2-4cf9-a698-4dbb388e6a95,1650326400000,
01a21691-1c9f-4aaf-bad5-643bfd3da0b1.binning_data.json,2022-04-12 20:59:41.459,2022-04-11 21:03:22.379,com.sec.android.app.shealth,-2,16090,1.5513124,12769.62,647.7,VfS0qUERdZ,com.sec.android.app.shealth,01a21691-1c9f-4aaf-bad5-643bfd3da0b1,1649721600000,
514f61e1-e034-4dcf-b42f-f6ffb84b0a62.binning_data.json,2022-04-22 21:04:44.570,2022-04-22 21:00:01.439,com.sec.android.app.shealth,0,13830,1.5271349,10928.31,559.69,e7FCb+MfnB,com.sec.android.app.shealth,514f61e1-e034-4dcf-b42f-f6ffb84b0a62,1650585600000,
fbc883d4-9bc2-40a9-a7c6-1e816b3e20a6.binning_data.json,2022-04-18 21:00:02.348,2022-04-17 21:34:28.843,com.sec.android.app.shealth,-2,10746,1.6809427,8713.47,436.72998,VfS0qUERdZ,com.sec.android.app.shealth,fbc883d4-9bc2-40a9-a7c6-1e816b3e20a6,1650240000000,
68c9e43e-52f2-404a-851d-ff64ef847963.binning_data.json,2022-04-15 21:00:02.219,2022-04-15 21:00:02.219,com.sec.android.app.shealth,0,22216,1.4756219,17272.65,891.93994,e7FCb+MfnB,com.sec.android.app.shealth,68c9e43e-52f2-404a-851d-ff64ef847963,1649980800000,
c5927a9f-2cb9-4fa6-a394-a82a1a2e119d.binning_data.json,2022-04-29 21:00:02.550,2022-04-29 21:00:02.550,com.sec.android.app.shealth,0,14882,1.6752611,12037.27,608.69995,e7FCb+MfnB,com.sec.android.app.shealth,c5927a9f-2cb9-4fa6-a394-a82a1a2e119d,1651190400000,
4829da44-f82b-4464-81af-fe43af4061f7.binning_data.json,2022-04-23 21:00:02.024,2022-04-21 21:23:29.785,com.sec.android.app.shealth,-2,13830,1.5271349,10928.31,559.69,VfS0qUERdZ,com.sec.android.app.shealth,4829da44-f82b-4464-81af-fe43af4061f7,1650585600000,
d1596cef-934d-4b97-891b-2a4f1b418c35.binning_data.json,2022-04-21 20:15:03.202,2022-04-20 21:06:02.651,com.sec.android.app.shealth,-2,7082,1.657352,5749.48,289.97998,VfS0qUERdZ,com.sec.android.app.shealth,d1596cef-934d-4b97-891b-2a4f1b418c35,1650499200000,
b6bf4649-3afa-45ba-a6d7-3e7a04378ed8.binning_data.json,2022-04-23 21:00:01.390,2022-04-22 21:04:44.576,com.sec.android.app.shealth,0,14383,1.6383806,11602.47,583.05,e7FCb+MfnB,com.sec.android.app.shealth,b6bf4649-3afa-45ba-a6d7-3e7a04378ed8,1650672000000,
b446dbc7-f802-4f52-8174-29db47a24b01.binning_data.json,2022-04-25 21:00:01.206,2022-04-25 21:00:01.206,com.sec.android.app.shealth,0,13225,1.6197076,10655.76,534.92,e7FCb+MfnB,com.sec.android.app.shealth,b446dbc7-f802-4f52-8174-29db47a24b01,1650844800000,
51ef2fda-d553-4885-9912-b7723ef72e73.binning_data.json,2022-04-24 20:39:28.025,2022-04-23 21:47:06.479,com.sec.android.app.shealth,-2,24929,1.7710208,20842.83,1090.0499,VfS0qUERdZ,com.sec.android.app.shealth,51ef2fda-d553-4885-9912-b7723ef72e73,1650758400000,
975d0dd7-3cee-4177-a5b8-f903ce4b47d1.binning_data.json,2022-05-02 21:00:01.156,2022-05-02 21:00:01.156,com.sec.android.app.shealth,0,13126,1.8732502,11155.92,578.99,e7FCb+MfnB,com.sec.android.app.shealth,975d0dd7-3cee-4177-a5b8-f903ce4b47d1,1651449600000,
2be4faed-129a-4554-8e4b-e7b1535dda32.binning_data.json,2022-04-18 21:00:01.893,2022-04-18 21:00:01.893,com.sec.android.app.shealth,0,10746,1.6809427,8713.47,436.72998,e7FCb+MfnB,com.sec.android.app.shealth,2be4faed-129a-4554-8e4b-e7b1535dda32,1650240000000,
7d48e84c-2930-4aa9-80c3-90c07cc04754.binning_data.json,2022-04-26 19:58:01.699,2022-04-25 22:38:05.056,com.sec.android.app.shealth,-2,7481,1.5569164,5940.23,299.18,VfS0qUERdZ,com.sec.android.app.shealth,7d48e84c-2930-4aa9-80c3-90c07cc04754,1650931200000,
1810f621-7e46-426c-bb1e-1a1cc40c98ae.binning_data.json,2022-04-28 21:00:02.381,2022-04-28 21:00:02.381,com.sec.android.app.shealth,0,17149,1.5596832,13587.3,694.02997,e7FCb+MfnB,com.sec.android.app.shealth,1810f621-7e46-426c-bb1e-1a1cc40c98ae,1651104000000,
60cb3007-3a7b-4c56-9754-448662428c4b.binning_data.json,2022-04-21 21:00:01.175,2022-04-21 21:00:01.175,com.sec.android.app.shealth,0,7082,1.657352,5749.48,289.97998,e7FCb+MfnB,com.sec.android.app.shealth,60cb3007-3a7b-4c56-9754-448662428c4b,1650499200000,
50ea41b5-0b0c-4471-9ed6-a6c7447384c7.binning_data.json,2022-04-27 20:49:38.836,2022-04-26 21:55:20.556,com.sec.android.app.shealth,-2,7636,1.5600464,6123.65,316.84,VfS0qUERdZ,com.sec.android.app.shealth,50ea41b5-0b0c-4471-9ed6-a6c7447384c7,1651017600000,
a2a629cd-8082-411d-a285-ef6918443bd5.binning_data.json,2022-04-25 21:00:02.028,2022-04-24 21:31:10.085,com.sec.android.app.shealth,-2,13225,1.6197076,10655.76,534.92,VfS0qUERdZ,com.sec.android.app.shealth,a2a629cd-8082-411d-a285-ef6918443bd5,1650844800000,
16c91e5f-cafc-4b52-89f1-99a70070e8a6.binning_data.json,2022-05-05 21:00:01.089,2022-05-05 21:00:01.089,com.sec.android.app.shealth,0,17152,1.9557201,15063.08,817.0,e7FCb+MfnB,com.sec.android.app.shealth,16c91e5f-cafc-4b52-89f1-99a70070e8a6,1651708800000,
72e7faeb-4000-4c7b-bb84-68905e536bb4.binning_data.json,2022-04-29 20:28:21.106,2022-04-28 21:35:41.489,com.sec.android.app.shealth,-2,14882,1.6752611,12037.27,608.69995,VfS0qUERdZ,com.sec.android.app.shealth,72e7faeb-4000-4c7b-bb84-68905e536bb4,1651190400000,
8a7a4a87-eeaf-44c4-bb97-e4734689f243.binning_data.json,2022-04-28 20:53:32.624,2022-04-27 22:21:12.521,com.sec.android.app.shealth,-2,17149,1.5596832,13587.3,694.02997,VfS0qUERdZ,com.sec.android.app.shealth,8a7a4a87-eeaf-44c4-bb97-e4734689f243,1651104000000,
b4182c5a-19b2-4236-93c5-a624a61c2daf.binning_data.json,2022-04-30 18:27:48.653,2022-04-29 23:00:21.036,com.sec.android.app.shealth,-2,14302,1.7680634,11884.02,618.63995,VfS0qUERdZ,com.sec.android.app.shealth,b4182c5a-19b2-4236-93c5-a624a61c2daf,1651276800000,
18c196e5-61fb-4ae3-89f0-b2671f8be81f.binning_data.json,2022-05-01 21:00:01.539,2022-05-01 21:00:01.539,com.sec.android.app.shealth,0,9718,1.7001883,8052.88,420.90997,e7FCb+MfnB,com.sec.android.app.shealth,18c196e5-61fb-4ae3-89f0-b2671f8be81f,1651363200000,
40fe37ea-831d-40b4-9365-472ac49c44fa.binning_data.json,2022-05-01 21:00:02.820,2022-05-01 00:15:01.314,com.sec.android.app.shealth,-2,9718,1.7001883,8052.88,420.90997,VfS0qUERdZ,com.sec.android.app.shealth,40fe37ea-831d-40b4-9365-472ac49c44fa,1651363200000,
735da970-0006-446f-b0c6-acc8b12daa62.binning_data.json,2022-04-24 21:00:01.460,2022-04-24 21:00:01.460,com.sec.android.app.shealth,0,24929,1.7710208,20842.83,1090.0499,e7FCb+MfnB,com.sec.android.app.shealth,735da970-0006-446f-b0c6-acc8b12daa62,1650758400000,
0d1dd165-ef8d-419d-9b7e-eb0089703cd7.binning_data.json,2022-05-02 19:01:37.751,2022-05-02 00:35:31.872,com.sec.android.app.shealth,-2,13126,1.8732502,11155.92,578.99,VfS0qUERdZ,com.sec.android.app.shealth,0d1dd165-ef8d-419d-9b7e-eb0089703cd7,1651449600000,
4ca67b36-2d4f-4201-a6ba-61e89f2bea92.binning_data.json,2022-05-04 21:00:01.581,2022-05-04 21:00:01.581,com.sec.android.app.shealth,0,17156,1.7774589,14547.76,764.38,e7FCb+MfnB,com.sec.android.app.shealth,4ca67b36-2d4f-4201-a6ba-61e89f2bea92,1651622400000,
bc384c07-f8a9-457c-9d42-31b94ad9f7d3.binning_data.json,2022-05-08 21:00:01.525,2022-05-08 21:00:01.525,com.sec.android.app.shealth,0,15837,2.2209513,14722.91,837.70996,e7FCb+MfnB,com.sec.android.app.shealth,bc384c07-f8a9-457c-9d42-31b94ad9f7d3,1651968000000,
55a953cb-f574-4239-b8fc-c13fff856e38.binning_data.json,2022-05-03 20:51:03.608,2022-05-02 22:55:42.567,com.sec.android.app.shealth,-2,12965,1.9334207,11207.49,588.94,VfS0qUERdZ,com.sec.android.app.shealth,55a953cb-f574-4239-b8fc-c13fff856e38,1651536000000,
7a0b1d70-cb21-4dd4-adf0-8816b2a86d58.binning_data.json,2022-05-04 18:41:00.790,2022-05-04 01:00:20.080,com.sec.android.app.shealth,-2,17156,1.7774589,14547.76,764.38,VfS0qUERdZ,com.sec.android.app.shealth,7a0b1d70-cb21-4dd4-adf0-8816b2a86d58,1651622400000,
9089b095-e426-4cc8-984f-97635b95ba61.binning_data.json,2022-05-05 20:55:01.157,2022-05-04 22:11:35.051,com.sec.android.app.shealth,-2,17152,1.9557201,15063.08,817.0,VfS0qUERdZ,com.sec.android.app.shealth,9089b095-e426-4cc8-984f-97635b95ba61,1651708800000,
58b32f5c-fc5d-4547-9f4b-5be16cb1d5f8.binning_data.json,2022-04-27 21:00:01.247,2022-04-27 21:00:01.247,com.sec.android.app.shealth,0,7636,1.5600464,6123.65,316.84,e7FCb+MfnB,com.sec.android.app.shealth,58b32f5c-fc5d-4547-9f4b-5be16cb1d5f8,1651017600000,
a2dd9605-fe84-4b43-90a2-7620c77d9160.binning_data.json,2022-05-06 21:00:02.403,2022-05-05 21:50:35.899,com.sec.android.app.shealth,-2,23397,2.1369193,21459.27,1219.62,VfS0qUERdZ,com.sec.android.app.shealth,a2dd9605-fe84-4b43-90a2-7620c77d9160,1651795200000,
2dd9198d-624b-4e20-be39-d907f6287037.binning_data.json,2022-05-11 21:00:01.570,2022-05-11 21:00:01.570,com.sec.android.app.shealth,0,12567,1.5769758,9979.23,504.44,e7FCb+MfnB,com.sec.android.app.shealth,2dd9198d-624b-4e20-be39-d907f6287037,1652227200000,
6f166cfb-3821-40ac-98c2-393adf90ca93.binning_data.json,2022-05-07 21:00:01.389,2022-05-07 21:00:01.389,com.sec.android.app.shealth,0,15794,2.0430443,14170.97,792.77997,e7FCb+MfnB,com.sec.android.app.shealth,6f166cfb-3821-40ac-98c2-393adf90ca93,1651881600000,
b330f745-1244-4393-b0cf-953eec44bd89.binning_data.json,2022-05-08 17:58:04.668,2022-05-07 21:38:27.650,com.sec.android.app.shealth,-2,15837,2.2209513,14722.91,837.70996,VfS0qUERdZ,com.sec.android.app.shealth,b330f745-1244-4393-b0cf-953eec44bd89,1651968000000,
2c85c0cb-3ffc-4d9b-8d9c-1823c85b26ff.binning_data.json,2022-04-30 21:00:01.539,2022-04-30 21:00:01.539,com.sec.android.app.shealth,0,14302,1.7680634,11884.02,618.63995,e7FCb+MfnB,com.sec.android.app.shealth,2c85c0cb-3ffc-4d9b-8d9c-1823c85b26ff,1651276800000,
dab45a1e-b889-42ba-b80a-66720ea13abc.binning_data.json,2022-05-07 19:45:15.433,2022-05-07 07:44:20.624,com.sec.android.app.shealth,-2,15794,2.0430443,14170.97,792.77997,VfS0qUERdZ,com.sec.android.app.shealth,dab45a1e-b889-42ba-b80a-66720ea13abc,1651881600000,
ccfe8701-2e00-4e28-a6da-0455929ba91b.binning_data.json,2022-05-09 18:55:48.813,2022-05-08 21:51:13.484,com.sec.android.app.shealth,-2,21475,1.7135817,17766.15,919.25,VfS0qUERdZ,com.sec.android.app.shealth,ccfe8701-2e00-4e28-a6da-0455929ba91b,1652054400000,
135fc5a8-2731-41eb-b93b-ffee74b89a08.binning_data.json,2022-05-03 21:00:01.325,2022-05-03 21:00:01.325,com.sec.android.app.shealth,0,12965,1.9334207,11207.49,588.94,e7FCb+MfnB,com.sec.android.app.shealth,135fc5a8-2731-41eb-b93b-ffee74b89a08,1651536000000,
7dd10d33-485c-4848-9cbd-a8573959e962.binning_data.json,2022-05-10 21:00:01.173,2022-05-10 21:00:01.173,com.sec.android.app.shealth,0,9335,1.606595,7575.78,389.68,e7FCb+MfnB,com.sec.android.app.shealth,7dd10d33-485c-4848-9cbd-a8573959e962,1652140800000,
295377a4-5c06-4322-bf59-e2904dcc2d70.binning_data.json,2022-05-12 18:09:14.488,2022-05-11 21:27:25.808,com.sec.android.app.shealth,-2,11607,1.5292938,9164.17,466.9,VfS0qUERdZ,com.sec.android.app.shealth,295377a4-5c06-4322-bf59-e2904dcc2d70,1652313600000,
5fd76225-e684-45a2-888c-d083c5a4a561.binning_data.json,2022-05-11 20:36:42.125,2022-05-11 08:18:37.761,com.sec.android.app.shealth,-2,12567,1.5769758,9979.23,504.44,VfS0qUERdZ,com.sec.android.app.shealth,5fd76225-e684-45a2-888c-d083c5a4a561,1652227200000,
c407935d-6e1c-4f49-b041-748e410f9a89.binning_data.json,2022-05-14 21:00:01.369,2022-05-14 21:00:01.369,com.sec.android.app.shealth,0,19480,1.5160526,15319.71,782.05994,e7FCb+MfnB,com.sec.android.app.shealth,c407935d-6e1c-4f49-b041-748e410f9a89,1652486400000,
fe610979-bd98-4ea0-95df-13cf0f8cca4b.binning_data.json,2022-05-10 19:24:01.579,2022-05-09 21:37:15.008,com.sec.android.app.shealth,-2,9335,1.606595,7575.78,389.68,VfS0qUERdZ,com.sec.android.app.shealth,fe610979-bd98-4ea0-95df-13cf0f8cca4b,1652140800000,
a16fd497-ce91-4d1d-bae2-d55e7291761e.binning_data.json,2022-05-13 21:00:01.089,2022-05-13 21:00:01.089,com.sec.android.app.shealth,0,10214,1.5028906,8081.25,414.97,e7FCb+MfnB,com.sec.android.app.shealth,a16fd497-ce91-4d1d-bae2-d55e7291761e,1652400000000,
055af468-2682-4b30-b4a3-9218e705eb53.binning_data.json,2022-05-06 21:00:01.327,2022-05-06 21:00:01.327,com.sec.android.app.shealth,0,23397,2.1369193,21459.27,1219.62,e7FCb+MfnB,com.sec.android.app.shealth,055af468-2682-4b30-b4a3-9218e705eb53,1651795200000,
14b1d9ac-2ff6-4708-89be-6ee70e9f40f5.binning_data.json,2022-05-17 19:41:06.976,2022-05-16 21:02:36.940,com.sec.android.app.shealth,-2,14848,1.5151495,11701.899,598.7999,VfS0qUERdZ,com.sec.android.app.shealth,14b1d9ac-2ff6-4708-89be-6ee70e9f40f5,1652745600000,
f52201e8-881f-407a-96ed-8007b6267b1b.binning_data.json,2022-05-14 20:55:31.614,2022-05-13 21:30:21.595,com.sec.android.app.shealth,-2,19480,1.5160526,15319.71,782.05994,VfS0qUERdZ,com.sec.android.app.shealth,f52201e8-881f-407a-96ed-8007b6267b1b,1652486400000,
0f4f7556-2935-448b-b129-0e916fa38bf0.binning_data.json,2022-05-16 21:00:02.200,2022-05-14 21:00:25.263,com.sec.android.app.shealth,-2,19180,1.5240902,15127.061,772.68,VfS0qUERdZ,com.sec.android.app.shealth,0f4f7556-2935-448b-b129-0e916fa38bf0,1652572800000,
29686722-770a-4513-8436-0d8642e0c3e9.binning_data.json,2022-05-17 21:00:07.421,2022-05-15 21:00:26.757,com.sec.android.app.shealth,-2,26633,1.5990523,21210.3,1073.2999,VfS0qUERdZ,com.sec.android.app.shealth,29686722-770a-4513-8436-0d8642e0c3e9,1652659200000,
f7ad8c5a-5170-4063-ad0e-772be316876f.binning_data.json,2022-05-13 20:25:41.050,2022-05-12 21:03:02.127,com.sec.android.app.shealth,-2,10214,1.5028906,8081.25,414.97,VfS0qUERdZ,com.sec.android.app.shealth,f7ad8c5a-5170-4063-ad0e-772be316876f,1652400000000,
d283a640-6cd9-46c2-b43f-cdac9e0aec29.binning_data.json,2022-05-17 21:00:01.537,2022-05-16 21:02:36.853,com.sec.android.app.shealth,0,14848,1.5151495,11701.899,598.7999,e7FCb+MfnB,com.sec.android.app.shealth,d283a640-6cd9-46c2-b43f-cdac9e0aec29,1652745600000,
c52ba574-b3e3-4ce5-822a-d33a2a09aaaa.binning_data.json,2022-05-09 21:00:01.309,2022-05-09 21:00:01.309,com.sec.android.app.shealth,0,21475,1.7135817,17766.15,919.25,e7FCb+MfnB,com.sec.android.app.shealth,c52ba574-b3e3-4ce5-822a-d33a2a09aaaa,1652054400000,
f4ff6985-b080-49b2-b22f-54af985fd392.binning_data.json,2022-05-20 21:00:01.341,2022-05-20 21:00:01.341,com.sec.android.app.shealth,0,20537,1.5247684,16233.22,831.72,e7FCb+MfnB,com.sec.android.app.shealth,f4ff6985-b080-49b2-b22f-54af985fd392,1653004800000,
d29eb9e9-f858-4f9a-b273-1ecb959dca18.binning_data.json,2022-05-16 21:02:36.861,2022-05-15 21:00:26.571,com.sec.android.app.shealth,0,26633,1.5990523,21210.3,1073.2999,e7FCb+MfnB,com.sec.android.app.shealth,d29eb9e9-f858-4f9a-b273-1ecb959dca18,1652659200000,
c3011708-c97b-47ba-aa94-1c5832438d9a.binning_data.json,2022-05-19 21:00:01.301,2022-05-19 21:00:01.301,com.sec.android.app.shealth,0,7070,1.5295348,5585.42,283.56,e7FCb+MfnB,com.sec.android.app.shealth,c3011708-c97b-47ba-aa94-1c5832438d9a,1652918400000,
90d2d9c3-53db-4c42-bd65-1ea0289cd288.binning_data.json,2022-05-12 21:00:01.105,2022-05-12 21:00:01.105,com.sec.android.app.shealth,0,11607,1.5292938,9164.17,466.9,e7FCb+MfnB,com.sec.android.app.shealth,90d2d9c3-53db-4c42-bd65-1ea0289cd288,1652313600000,
ec077c84-5f97-4e8f-a3dd-ee59a305a1ed.binning_data.json,2022-05-20 20:41:47.195,2022-05-19 21:32:24.025,com.sec.android.app.shealth,-2,20537,1.5247684,16233.22,831.72,VfS0qUERdZ,com.sec.android.app.shealth,ec077c84-5f97-4e8f-a3dd-ee59a305a1ed,1653004800000,
67de0bf4-241b-4089-9bf6-ef8a11d12e56.binning_data.json,2022-05-19 20:37:38.962,2022-05-18 21:27:35.926,com.sec.android.app.shealth,-2,7070,1.5295348,5585.42,283.56,VfS0qUERdZ,com.sec.android.app.shealth,67de0bf4-241b-4089-9bf6-ef8a11d12e56,1652918400000,
980bacdb-2c25-4f60-b3e6-33f7e3e89f63.binning_data.json,2022-05-23 21:00:02.739,2022-05-23 21:00:02.739,com.sec.android.app.shealth,0,12970,1.4887958,10181.11,522.82996,e7FCb+MfnB,com.sec.android.app.shealth,980bacdb-2c25-4f60-b3e6-33f7e3e89f63,1653264000000,
bf7ab268-c6a0-4bf4-a896-b2948c1be8e0.binning_data.json,2022-05-18 18:15:07.358,2022-05-17 21:05:06.687,com.sec.android.app.shealth,-2,10859,1.5604569,8628.6,438.77,VfS0qUERdZ,com.sec.android.app.shealth,bf7ab268-c6a0-4bf4-a896-b2948c1be8e0,1652832000000,
13d11b5e-ba9c-473a-8f9a-f194ed79e4f2.binning_data.json,2022-05-15 21:00:26.592,2022-05-15 21:00:01.203,com.sec.android.app.shealth,0,19180,1.5240902,15127.061,772.68,e7FCb+MfnB,com.sec.android.app.shealth,13d11b5e-ba9c-473a-8f9a-f194ed79e4f2,1652572800000,
39dffa41-390e-40c3-85a9-46f8edd9a04c.binning_data.json,2022-05-22 20:55:07.314,2022-05-21 21:02:26.607,com.sec.android.app.shealth,-2,15188,1.5472913,12031.72,613.54,VfS0qUERdZ,com.sec.android.app.shealth,39dffa41-390e-40c3-85a9-46f8edd9a04c,1653177600000,
ddda6ca3-678f-4e00-a369-200fddec8180.binning_data.json,2022-05-22 21:00:01.366,2022-05-21 21:02:26.470,com.sec.android.app.shealth,0,15188,1.5472913,12031.72,613.54,e7FCb+MfnB,com.sec.android.app.shealth,ddda6ca3-678f-4e00-a369-200fddec8180,1653177600000,
0e86a74e-a33a-4fac-aae2-2e4599694fdd.binning_data.json,2022-05-22 21:00:01.969,2022-05-20 21:29:32.521,com.sec.android.app.shealth,-2,14145,1.4995425,11083.85,566.68,VfS0qUERdZ,com.sec.android.app.shealth,0e86a74e-a33a-4fac-aae2-2e4599694fdd,1653091200000,
41e84958-f282-4ae3-9c82-4c0289169964.binning_data.json,2022-05-23 19:23:56.277,2022-05-22 21:14:54.103,com.sec.android.app.shealth,-2,12970,1.4887958,10181.11,522.82996,VfS0qUERdZ,com.sec.android.app.shealth,41e84958-f282-4ae3-9c82-4c0289169964,1653264000000,
2fb5c606-2fa5-41de-a4b6-6b273608566d.binning_data.json,2022-05-26 21:00:01.439,2022-05-26 21:00:01.439,com.sec.android.app.shealth,0,15332,1.5189631,12159.13,624.45996,e7FCb+MfnB,com.sec.android.app.shealth,2fb5c606-2fa5-41de-a4b6-6b273608566d,1653523200000,
cafbd964-c907-4ddb-b7b0-2fc52ff7f3ce.binning_data.json,2022-05-25 19:42:46.972,2022-05-24 21:00:38.819,com.sec.android.app.shealth,-2,21138,1.5354874,16711.46,851.01996,VfS0qUERdZ,com.sec.android.app.shealth,cafbd964-c907-4ddb-b7b0-2fc52ff7f3ce,1653436800000,
220350a3-49d6-4f0b-93ba-74f800242dd6.binning_data.json,2022-05-29 21:00:01.399,2022-05-29 21:00:01.399,com.sec.android.app.shealth,0,29321,1.4973773,23051.668,1178.2899,e7FCb+MfnB,com.sec.android.app.shealth,220350a3-49d6-4f0b-93ba-74f800242dd6,1653782400000,
4e46b8e6-7aa8-4e75-8dc3-4bdeea9fce9e.binning_data.json,2022-05-26 21:00:03.117,2022-05-25 22:01:14.626,com.sec.android.app.shealth,-2,15332,1.5189631,12159.13,624.45996,VfS0qUERdZ,com.sec.android.app.shealth,4e46b8e6-7aa8-4e75-8dc3-4bdeea9fce9e,1653523200000,
d00a6e65-0b53-445a-9b40-3bd5a92fd091.binning_data.json,2022-05-25 21:00:01.421,2022-05-24 21:00:38.686,com.sec.android.app.shealth,0,21138,1.5354874,16711.46,851.01996,e7FCb+MfnB,com.sec.android.app.shealth,d00a6e65-0b53-445a-9b40-3bd5a92fd091,1653436800000,
0654ad17-d6fa-4bef-ac81-f4e7719b825d.binning_data.json,2022-05-18 21:00:01.524,2022-05-18 21:00:01.524,com.sec.android.app.shealth,0,10859,1.5604569,8628.6,438.77,e7FCb+MfnB,com.sec.android.app.shealth,0654ad17-d6fa-4bef-ac81-f4e7719b825d,1652832000000,
7a66a489-0fe0-4b56-bdce-306ea1ed71a5.binning_data.json,2022-05-25 21:00:02.164,2022-05-23 21:32:49.122,com.sec.android.app.shealth,-2,21144,1.5262747,16677.75,851.49994,VfS0qUERdZ,com.sec.android.app.shealth,7a66a489-0fe0-4b56-bdce-306ea1ed71a5,1653350400000,
0a50bdaa-10b0-4aa1-a24b-f3c07610ce55.binning_data.json,2022-06-01 21:04:02.514,2022-06-01 21:00:01.385,com.sec.android.app.shealth,0,20260,1.6001301,16141.64,817.8599,e7FCb+MfnB,com.sec.android.app.shealth,0a50bdaa-10b0-4aa1-a24b-f3c07610ce55,1654041600000,
ca6addb7-c481-4774-ab18-00f472d0950a.binning_data.json,2022-05-29 20:47:55.390,2022-05-28 21:04:35.621,com.sec.android.app.shealth,-2,29321,1.4973773,23051.668,1178.2899,VfS0qUERdZ,com.sec.android.app.shealth,ca6addb7-c481-4774-ab18-00f472d0950a,1653782400000,
51f45f5e-8504-4b40-a107-ddc1e88c7bbe.binning_data.json,2022-05-28 21:01:24.060,2022-05-28 21:00:01.323,com.sec.android.app.shealth,0,18709,1.5476282,14793.24,750.75995,e7FCb+MfnB,com.sec.android.app.shealth,51f45f5e-8504-4b40-a107-ddc1e88c7bbe,1653696000000,
ff92a9c7-5f78-4ead-8310-2c76c58b19bd.binning_data.json,2022-05-21 21:02:26.466,2022-05-21 21:00:01.227,com.sec.android.app.shealth,0,14145,1.4995425,11083.85,566.68,e7FCb+MfnB,com.sec.android.app.shealth,ff92a9c7-5f78-4ead-8310-2c76c58b19bd,1653091200000,
232261c5-5a41-4323-98b1-7f17600fc819.binning_data.json,2022-06-02 21:01:19.604,2022-05-31 21:45:06.626,com.sec.android.app.shealth,-2,20260,1.6001301,16141.64,817.8599,VfS0qUERdZ,com.sec.android.app.shealth,232261c5-5a41-4323-98b1-7f17600fc819,1654041600000,
8d98d46e-db02-4095-b4b6-8b8a93e17657.binning_data.json,2022-05-31 21:00:00.942,2022-05-31 21:00:00.942,com.sec.android.app.shealth,0,20041,1.5950502,16042.93,815.98,e7FCb+MfnB,com.sec.android.app.shealth,8d98d46e-db02-4095-b4b6-8b8a93e17657,1653955200000,
361eaf44-fbb2-4be2-9ba5-c69f597141ef.binning_data.json,2022-06-04 21:01:54.713,2022-06-04 21:00:01.665,com.sec.android.app.shealth,0,16497,1.6653442,13366.37,678.12,e7FCb+MfnB,com.sec.android.app.shealth,361eaf44-fbb2-4be2-9ba5-c69f597141ef,1654300800000,
c08c9e26-d682-48de-ad1b-945bf5a6765f.binning_data.json,2022-05-29 21:00:02.208,2022-05-27 21:26:30.102,com.sec.android.app.shealth,-2,18709,1.5476282,14793.24,750.75995,VfS0qUERdZ,com.sec.android.app.shealth,c08c9e26-d682-48de-ad1b-945bf5a6765f,1653696000000,
847ba8dd-da82-45dd-bb3c-c9f665368f58.binning_data.json,2022-05-24 21:00:38.681,2022-05-24 21:00:08.148,com.sec.android.app.shealth,0,21144,1.5262747,16677.75,851.49994,e7FCb+MfnB,com.sec.android.app.shealth,847ba8dd-da82-45dd-bb3c-c9f665368f58,1653350400000,
1389918b-a706-4ec9-81f5-2b74ebd92a7b.binning_data.json,2022-06-03 21:00:01.455,2022-06-03 21:00:01.455,com.sec.android.app.shealth,0,9706,1.5738372,7760.64,396.33997,e7FCb+MfnB,com.sec.android.app.shealth,1389918b-a706-4ec9-81f5-2b74ebd92a7b,1654214400000,
c9a482e2-9ca2-4483-942c-e4c459b5acf6.binning_data.json,2022-05-27 21:00:01.412,2022-05-26 21:00:01.450,com.sec.android.app.shealth,0,14421,1.5651107,11415.52,580.13995,e7FCb+MfnB,com.sec.android.app.shealth,c9a482e2-9ca2-4483-942c-e4c459b5acf6,1653609600000,
49e69dfa-e391-438c-986c-439f27b640f3.binning_data.json,2022-06-05 21:00:33.382,2022-06-03 21:08:57.401,com.sec.android.app.shealth,-2,16497,1.6653442,13366.37,678.12,VfS0qUERdZ,com.sec.android.app.shealth,49e69dfa-e391-438c-986c-439f27b640f3,1654300800000,
f0ed1f84-f7d2-46d5-bd1b-cfa4c98e2207.binning_data.json,2022-06-07 21:00:03.327,2022-06-07 21:00:03.327,com.sec.android.app.shealth,0,21506,1.6738968,17360.7,868.8499,e7FCb+MfnB,com.sec.android.app.shealth,f0ed1f84-f7d2-46d5-bd1b-cfa4c98e2207,1654560000000,
317d1f49-1e06-4b14-8bb2-9c534ebbc4c3.binning_data.json,2022-06-06 21:00:01.514,2022-06-06 21:00:01.514,com.sec.android.app.shealth,0,18397,1.5402292,14595.89,743.0999,e7FCb+MfnB,com.sec.android.app.shealth,317d1f49-1e06-4b14-8bb2-9c534ebbc4c3,1654473600000,
4127d67d-4967-4291-b849-5cae8c797a34.binning_data.json,2022-05-31 21:00:01.722,2022-05-30 21:29:28.733,com.sec.android.app.shealth,-2,20041,1.5950502,16042.93,815.98,VfS0qUERdZ,com.sec.android.app.shealth,4127d67d-4967-4291-b849-5cae8c797a34,1653955200000,
b23f2821-c8e4-44ab-aa5f-8ef9c94bc278.binning_data.json,2022-05-27 19:54:34.235,2022-05-26 21:00:03.028,com.sec.android.app.shealth,-2,14421,1.5651107,11415.52,580.13995,VfS0qUERdZ,com.sec.android.app.shealth,b23f2821-c8e4-44ab-aa5f-8ef9c94bc278,1653609600000,
e2244a02-027b-4052-8d32-54ca40c2e848.binning_data.json,2022-06-10 21:00:01.180,2022-06-10 21:00:01.180,com.sec.android.app.shealth,0,18681,2.0475588,16692.24,932.44,e7FCb+MfnB,com.sec.android.app.shealth,e2244a02-027b-4052-8d32-54ca40c2e848,1654819200000,
0afa5ea3-6468-47e3-b455-9cc4412655fe.binning_data.json,2022-05-30 20:15:55.306,2022-05-29 21:42:41.324,com.sec.android.app.shealth,-2,23334,1.5607991,18539.94,941.13995,VfS0qUERdZ,com.sec.android.app.shealth,0afa5ea3-6468-47e3-b455-9cc4412655fe,1653868800000,
4628afc1-3521-481b-83df-6fe084770c09.binning_data.json,2022-05-30 21:00:01.380,2022-05-30 21:00:01.380,com.sec.android.app.shealth,0,23334,1.5607991,18539.94,941.13995,e7FCb+MfnB,com.sec.android.app.shealth,4628afc1-3521-481b-83df-6fe084770c09,1653868800000,
ffeed638-c787-42e9-891e-386efcddd3a3.binning_data.json,2022-06-09 21:00:01.329,2022-06-09 21:00:01.329,com.sec.android.app.shealth,0,18835,1.9648534,16609.81,901.33,e7FCb+MfnB,com.sec.android.app.shealth,ffeed638-c787-42e9-891e-386efcddd3a3,1654732800000,
cd09b74c-bc5b-41e1-b673-2762850abf48.binning_data.json,2022-06-07 20:59:23.083,2022-06-06 21:00:15.452,com.sec.android.app.shealth,-2,21506,1.6738968,17360.7,868.8499,VfS0qUERdZ,com.sec.android.app.shealth,cd09b74c-bc5b-41e1-b673-2762850abf48,1654560000000,
db88151e-7d86-4e37-acf3-6f22ac63fb07.binning_data.json,2022-06-02 20:18:45.965,2022-06-01 21:04:02.532,com.sec.android.app.shealth,-2,17020,1.6425495,13641.14,686.62994,VfS0qUERdZ,com.sec.android.app.shealth,db88151e-7d86-4e37-acf3-6f22ac63fb07,1654128000000,
56b52c17-d1ce-4fb7-be18-1d9faef2edae.binning_data.json,2022-06-03 20:43:19.176,2022-06-02 21:28:37.977,com.sec.android.app.shealth,-2,9706,1.5738372,7760.64,396.33997,VfS0qUERdZ,com.sec.android.app.shealth,56b52c17-d1ce-4fb7-be18-1d9faef2edae,1654214400000,
f40ec44a-be6b-4ca4-a2e2-64702962ca47.binning_data.json,2022-06-13 21:00:01.880,2022-06-13 21:00:01.880,com.sec.android.app.shealth,0,10258,2.078708,9149.25,473.72,e7FCb+MfnB,com.sec.android.app.shealth,f40ec44a-be6b-4ca4-a2e2-64702962ca47,1655078400000,
1da548ac-d1dd-4c72-b37f-6e1b4f992cfc.binning_data.json,2022-06-12 21:00:01.389,2022-06-12 21:00:01.389,com.sec.android.app.shealth,0,12239,1.7758319,10124.0,511.24997,e7FCb+MfnB,com.sec.android.app.shealth,1da548ac-d1dd-4c72-b37f-6e1b4f992cfc,1654992000000,
44c80a3a-3f3a-4545-9449-02f24e22ee44.binning_data.json,2022-06-10 21:00:01.918,2022-06-10 07:20:14.150,com.sec.android.app.shealth,-2,18681,2.0475588,16692.24,932.44,VfS0qUERdZ,com.sec.android.app.shealth,44c80a3a-3f3a-4545-9449-02f24e22ee44,1654819200000,
8c71c3ea-7c13-41d7-900b-0425a53b5e65.binning_data.json,2022-06-05 20:54:16.307,2022-06-04 21:01:54.863,com.sec.android.app.shealth,-2,19317,1.5510792,15337.18,777.56995,VfS0qUERdZ,com.sec.android.app.shealth,8c71c3ea-7c13-41d7-900b-0425a53b5e65,1654387200000,
a18a10d4-6ec9-44ac-a01b-a9362a0e4548.binning_data.json,2022-06-06 21:00:02.500,2022-06-05 21:05:07.976,com.sec.android.app.shealth,-2,18397,1.5402292,14595.89,743.0999,VfS0qUERdZ,com.sec.android.app.shealth,a18a10d4-6ec9-44ac-a01b-a9362a0e4548,1654473600000,
5d1c9bf5-a568-4db6-97d1-2192937ae17b.binning_data.json,2022-06-02 21:00:01.563,2022-06-01 21:04:02.508,com.sec.android.app.shealth,0,17020,1.6425495,13641.14,686.62994,e7FCb+MfnB,com.sec.android.app.shealth,5d1c9bf5-a568-4db6-97d1-2192937ae17b,1654128000000,
fd6eea76-81c4-4580-8507-489eb492a4c3.binning_data.json,2022-06-15 21:00:01.146,2022-06-15 21:00:01.146,com.sec.android.app.shealth,0,21153,1.8880056,18126.61,954.33997,e7FCb+MfnB,com.sec.android.app.shealth,fd6eea76-81c4-4580-8507-489eb492a4c3,1655251200000,
320da39e-e84b-4454-be72-525d59b9b230.binning_data.json,2022-06-13 19:35:14.552,2022-06-12 22:03:33.651,com.sec.android.app.shealth,-2,10258,2.078708,9149.25,473.72,VfS0qUERdZ,com.sec.android.app.shealth,320da39e-e84b-4454-be72-525d59b9b230,1655078400000,
5c4b7403-d037-4683-a1e4-bdad2a8957c3.binning_data.json,2022-06-08 21:00:01.123,2022-06-08 21:00:01.123,com.sec.android.app.shealth,0,9275,1.7575097,7589.02,376.65997,e7FCb+MfnB,com.sec.android.app.shealth,5c4b7403-d037-4683-a1e4-bdad2a8957c3,1654646400000,
662498f9-cd8c-43b8-b50c-78a4924147c7.binning_data.json,2022-06-16 21:00:03.721,2022-06-16 21:00:03.721,com.sec.android.app.shealth,0,24415,1.7338207,19830.111,987.85,e7FCb+MfnB,com.sec.android.app.shealth,662498f9-cd8c-43b8-b50c-78a4924147c7,1655337600000,
adcffb6e-b91e-4601-b9b5-e357ad55e9f4.binning_data.json,2022-06-09 20:51:01.993,2022-06-09 08:32:39.557,com.sec.android.app.shealth,-2,18835,1.9648534,16609.81,901.33,VfS0qUERdZ,com.sec.android.app.shealth,adcffb6e-b91e-4601-b9b5-e357ad55e9f4,1654732800000,
bb95d730-2bed-442a-8dcf-65da34993f73.binning_data.json,2022-06-16 18:08:17.356,2022-06-16 05:38:04.050,com.sec.android.app.shealth,-2,24415,1.7338207,19830.111,987.85,VfS0qUERdZ,com.sec.android.app.shealth,bb95d730-2bed-442a-8dcf-65da34993f73,1655337600000,
d3e0c8ee-0a66-4045-8bca-418a3946a406.binning_data.json,2022-06-19 21:00:11.545,2022-06-19 21:00:11.545,com.sec.android.app.shealth,0,12306,1.7256532,10106.42,508.72992,e7FCb+MfnB,com.sec.android.app.shealth,d3e0c8ee-0a66-4045-8bca-418a3946a406,1655596800000,
3a5bf538-4843-449b-9f37-ee8054ff26db.binning_data.json,2022-06-05 21:00:01.504,2022-06-04 21:01:54.704,com.sec.android.app.shealth,0,19317,1.5510792,15337.18,777.56995,e7FCb+MfnB,com.sec.android.app.shealth,3a5bf538-4843-449b-9f37-ee8054ff26db,1654387200000,
7cc991aa-91e7-42b3-be4f-fc149c3c7ec4.binning_data.json,2022-06-12 20:49:09.622,2022-06-11 23:08:58.456,com.sec.android.app.shealth,-2,12239,1.7758319,10124.0,511.24997,VfS0qUERdZ,com.sec.android.app.shealth,7cc991aa-91e7-42b3-be4f-fc149c3c7ec4,1654992000000,
c093aa76-6d77-45d6-85d7-806eb27dce5e.binning_data.json,2022-06-18 21:00:01.668,2022-06-18 21:00:01.668,com.sec.android.app.shealth,0,18629,1.8278208,15695.77,800.9099,e7FCb+MfnB,com.sec.android.app.shealth,c093aa76-6d77-45d6-85d7-806eb27dce5e,1655510400000,
9a79e308-f088-41a9-881e-8155145a6185.binning_data.json,2022-06-11 21:00:01.344,2022-06-11 21:00:01.344,com.sec.android.app.shealth,0,8343,1.943274,7394.42,392.28998,e7FCb+MfnB,com.sec.android.app.shealth,9a79e308-f088-41a9-881e-8155145a6185,1654905600000,
a2e0deda-3dc5-4c1d-bc5d-a9ce415a6b7c.binning_data.json,2022-06-22 21:00:10.006,2022-06-22 21:00:10.006,com.sec.android.app.shealth,0,6367,1.7893528,5391.49,282.74,e7FCb+MfnB,com.sec.android.app.shealth,a2e0deda-3dc5-4c1d-bc5d-a9ce415a6b7c,1655856000000,
bfa08a52-9a5a-4bd6-a2c6-c4f60b76ce45.binning_data.json,2022-06-19 18:37:30.083,2022-06-18 21:08:28.651,com.sec.android.app.shealth,-2,12306,1.7256532,10106.42,508.72992,VfS0qUERdZ,com.sec.android.app.shealth,bfa08a52-9a5a-4bd6-a2c6-c4f60b76ce45,1655596800000,
9ba1e779-80cd-4645-a541-fc334bcbe82a.binning_data.json,2022-06-08 20:52:06.228,2022-06-07 21:11:46.055,com.sec.android.app.shealth,-2,9275,1.7575097,7589.02,376.65997,VfS0qUERdZ,com.sec.android.app.shealth,9ba1e779-80cd-4645-a541-fc334bcbe82a,1654646400000,
d5216b0f-5a17-4950-9ff3-e5b67db7c302.binning_data.json,2022-06-21 21:00:05.967,2022-06-21 21:00:05.967,com.sec.android.app.shealth,0,8064,1.9996005,7150.34,365.00998,e7FCb+MfnB,com.sec.android.app.shealth,d5216b0f-5a17-4950-9ff3-e5b67db7c302,1655769600000,
75d3ae84-4c99-41ae-9471-40a119be518f.binning_data.json,2022-06-15 18:28:43.588,2022-06-15 07:24:48.129,com.sec.android.app.shealth,-2,21153,1.8880056,18126.61,954.33997,VfS0qUERdZ,com.sec.android.app.shealth,75d3ae84-4c99-41ae-9471-40a119be518f,1655251200000,
02686bed-5f0c-4c81-b18b-f697f8e5776a.binning_data.json,2022-06-25 21:00:03.326,2022-06-25 21:00:03.326,com.sec.android.app.shealth,0,18959,1.6827452,15512.09,794.35,e7FCb+MfnB,com.sec.android.app.shealth,02686bed-5f0c-4c81-b18b-f697f8e5776a,1656115200000,
23e31dda-6d1b-4f20-8f38-350523016f3a.binning_data.json,2022-06-22 20:39:11.974,2022-06-21 22:56:15.426,com.sec.android.app.shealth,-2,6367,1.7893528,5391.49,282.74,VfS0qUERdZ,com.sec.android.app.shealth,23e31dda-6d1b-4f20-8f38-350523016f3a,1655856000000,
e79f4aba-5318-4003-85a1-1076769f9413.binning_data.json,2022-06-24 21:00:03.657,2022-06-24 21:00:03.657,com.sec.android.app.shealth,0,13950,1.6844552,11347.21,576.94,e7FCb+MfnB,com.sec.android.app.shealth,e79f4aba-5318-4003-85a1-1076769f9413,1656028800000,
aa7891d5-b13c-48b4-b260-4fb4f0f654f8.binning_data.json,2022-06-11 21:00:02.272,2022-06-10 21:19:24.129,com.sec.android.app.shealth,-2,8343,1.943274,7394.42,392.28998,VfS0qUERdZ,com.sec.android.app.shealth,aa7891d5-b13c-48b4-b260-4fb4f0f654f8,1654905600000,
fc4fb09a-aef6-4d31-b37f-8669c5dfa5a3.binning_data.json,2022-06-18 20:25:27.602,2022-06-17 21:49:29.660,com.sec.android.app.shealth,-2,18629,1.8278208,15695.77,800.9099,VfS0qUERdZ,com.sec.android.app.shealth,fc4fb09a-aef6-4d31-b37f-8669c5dfa5a3,1655510400000,
9f2d4b20-18c2-4775-9f07-94b0d137b75a.binning_data.json,2022-06-25 19:29:18.974,2022-06-25 02:54:41.134,com.sec.android.app.shealth,-2,18959,1.6827452,15512.09,794.35,VfS0qUERdZ,com.sec.android.app.shealth,9f2d4b20-18c2-4775-9f07-94b0d137b75a,1656115200000,
79a5af52-ae2c-4418-b24a-e4a0607c0097.binning_data.json,2022-06-14 21:00:01.887,2022-06-14 21:00:01.887,com.sec.android.app.shealth,0,1738,1.8363123,1495.58,77.1,e7FCb+MfnB,com.sec.android.app.shealth,79a5af52-ae2c-4418-b24a-e4a0607c0097,1655164800000,
7f13fc94-310e-4b86-8d15-f6e218ad4229.binning_data.json,2022-06-28 21:00:10.894,2022-06-27 21:07:52.777,com.sec.android.app.shealth,0,19326,1.6616608,15569.71,780.5499,e7FCb+MfnB,com.sec.android.app.shealth,7f13fc94-310e-4b86-8d15-f6e218ad4229,1656374400000,
34a9efd3-93ab-45a2-943f-510bbb4cb960.binning_data.json,2022-06-17 21:00:02.503,2022-06-17 21:00:02.503,com.sec.android.app.shealth,0,8857,1.7747772,7445.2,388.47998,e7FCb+MfnB,com.sec.android.app.shealth,34a9efd3-93ab-45a2-943f-510bbb4cb960,1655424000000,
44152643-76b4-47b3-9720-7ba2ff83be82.binning_data.json,2022-06-14 20:58:51.470,2022-06-13 23:04:35.194,com.sec.android.app.shealth,-2,1738,1.8363123,1495.58,77.1,VfS0qUERdZ,com.sec.android.app.shealth,44152643-76b4-47b3-9720-7ba2ff83be82,1655164800000,
2731ff7a-95f7-4d64-b1fa-b0aea68b9989.binning_data.json,2022-06-28 21:00:17.867,2022-06-27 21:07:52.483,com.sec.android.app.shealth,-2,19326,1.6616608,15569.71,780.5499,VfS0qUERdZ,com.sec.android.app.shealth,2731ff7a-95f7-4d64-b1fa-b0aea68b9989,1656374400000,
b38e616c-e6a6-4a79-b9c7-b1b08ac10ce7.binning_data.json,2022-06-27 21:07:53.002,2022-06-27 21:00:04.044,com.sec.android.app.shealth,0,25015,1.7254779,20454.56,1037.6199,e7FCb+MfnB,com.sec.android.app.shealth,b38e616c-e6a6-4a79-b9c7-b1b08ac10ce7,1656288000000,
7ace1208-48ed-47d3-8a36-d9f5ab7fa562.binning_data.json,2022-06-20 21:00:09.758,2022-06-20 21:00:09.758,com.sec.android.app.shealth,0,8947,1.8524464,7603.58,397.63998,e7FCb+MfnB,com.sec.android.app.shealth,7ace1208-48ed-47d3-8a36-d9f5ab7fa562,1655683200000,
4581c31b-a494-4264-8093-05d806e69dd0.binning_data.json,2022-06-21 20:05:33.548,2022-06-21 05:27:28.054,com.sec.android.app.shealth,-2,8064,1.9996005,7150.34,365.00998,VfS0qUERdZ,com.sec.android.app.shealth,4581c31b-a494-4264-8093-05d806e69dd0,1655769600000,
b9c7cbc6-9011-447d-8d99-c24f7b97c91e.binning_data.json,2022-07-01 20:52:58.343,2022-06-30 21:42:29.099,com.sec.android.app.shealth,-2,20298,1.6851587,16744.43,877.49994,VfS0qUERdZ,com.sec.android.app.shealth,b9c7cbc6-9011-447d-8d99-c24f7b97c91e,1656633600000,
13086349-5579-4972-aef5-641d7add2276.binning_data.json,2022-06-17 20:59:39.280,2022-06-16 21:25:31.192,com.sec.android.app.shealth,-2,8857,1.7747772,7445.2,388.47998,VfS0qUERdZ,com.sec.android.app.shealth,13086349-5579-4972-aef5-641d7add2276,1655424000000,
c4d98745-7455-42f4-99aa-808ef7eb6ff5.binning_data.json,2022-06-23 21:00:06.154,2022-06-23 21:00:06.154,com.sec.android.app.shealth,0,12237,1.6520245,9871.41,500.25,e7FCb+MfnB,com.sec.android.app.shealth,c4d98745-7455-42f4-99aa-808ef7eb6ff5,1655942400000,
418dc588-93b2-41ee-a0dd-a26922f5f8f3.binning_data.json,2022-07-01 21:00:04.228,2022-07-01 21:00:04.228,com.sec.android.app.shealth,0,20298,1.6851587,16744.43,877.49994,e7FCb+MfnB,com.sec.android.app.shealth,418dc588-93b2-41ee-a0dd-a26922f5f8f3,1656633600000,
add5ece3-281e-474c-a673-b95800edc5ab.binning_data.json,2022-06-30 21:00:04.806,2022-06-30 21:00:04.806,com.sec.android.app.shealth,0,10930,1.7153814,9094.12,476.18997,e7FCb+MfnB,com.sec.android.app.shealth,add5ece3-281e-474c-a673-b95800edc5ab,1656547200000,
197f5a25-0471-42cc-9f17-2ece082a9555.binning_data.json,2022-06-24 20:51:32.089,2022-06-23 21:04:43.053,com.sec.android.app.shealth,-2,13950,1.6844552,11347.21,576.94,VfS0qUERdZ,com.sec.android.app.shealth,197f5a25-0471-42cc-9f17-2ece082a9555,1656028800000,
4e17f599-34c5-4699-a64a-13b198a7d06a.binning_data.json,2022-06-26 21:00:07.026,2022-06-26 21:00:07.026,com.sec.android.app.shealth,0,9551,1.7450224,7971.48,412.94998,e7FCb+MfnB,com.sec.android.app.shealth,4e17f599-34c5-4699-a64a-13b198a7d06a,1656201600000,
96d0d035-3802-4056-9ec2-90a964f1e7d7.binning_data.json,2022-07-04 19:32:56.785,2022-07-03 21:01:36.287,com.sec.android.app.shealth,-2,20956,1.6015755,16810.74,850.02997,VfS0qUERdZ,com.sec.android.app.shealth,96d0d035-3802-4056-9ec2-90a964f1e7d7,1656892800000,
700609b9-3f39-4430-8990-4dbe89157111.binning_data.json,2022-07-04 21:00:25.221,2022-07-03 21:00:31.384,com.sec.android.app.shealth,0,20956,1.6015755,16810.74,850.02997,e7FCb+MfnB,com.sec.android.app.shealth,700609b9-3f39-4430-8990-4dbe89157111,1656892800000,
1b13d871-755b-45ae-bf27-cfc1a87e3164.binning_data.json,2022-07-03 21:00:31.480,2022-07-03 21:00:04.804,com.sec.android.app.shealth,0,9912,1.618945,8010.92,412.93997,e7FCb+MfnB,com.sec.android.app.shealth,1b13d871-755b-45ae-bf27-cfc1a87e3164,1656806400000,
c3e6ea73-c482-4cfe-929a-75551df6d0fe.binning_data.json,2022-06-28 21:00:17.738,2022-06-26 21:12:40.827,com.sec.android.app.shealth,-2,25015,1.7254779,20454.56,1037.6199,VfS0qUERdZ,com.sec.android.app.shealth,c3e6ea73-c482-4cfe-929a-75551df6d0fe,1656288000000,
bbbd6f17-3bd4-4d02-8a28-1df4e985edee.binning_data.json,2022-06-29 21:00:05.435,2022-06-29 21:00:05.435,com.sec.android.app.shealth,0,20085,1.8753581,17508.09,961.06,e7FCb+MfnB,com.sec.android.app.shealth,bbbd6f17-3bd4-4d02-8a28-1df4e985edee,1656460800000,
5104fb04-09bb-47e4-b496-2e5ace934c6d.binning_data.json,2022-07-07 21:00:03.798,2022-07-07 21:00:03.798,com.sec.android.app.shealth,0,24741,1.6497092,20120.31,1028.59,e7FCb+MfnB,com.sec.android.app.shealth,5104fb04-09bb-47e4-b496-2e5ace934c6d,1657152000000,
72a903aa-8e3f-4d68-83bb-8804cd1f94e4.binning_data.json,2022-06-20 18:02:57.262,2022-06-19 21:10:20.343,com.sec.android.app.shealth,-2,8947,1.8524464,7603.58,397.63998,VfS0qUERdZ,com.sec.android.app.shealth,72a903aa-8e3f-4d68-83bb-8804cd1f94e4,1655683200000,
4cebd97c-b011-4e68-8efa-0b4143e5ddd8.binning_data.json,2022-07-07 20:57:33.012,2022-07-06 21:25:35.593,com.sec.android.app.shealth,-2,24741,1.6497092,20120.31,1028.59,VfS0qUERdZ,com.sec.android.app.shealth,4cebd97c-b011-4e68-8efa-0b4143e5ddd8,1657152000000,
69c5fbb7-e272-4c91-9b0b-921dcf4fb3a1.binning_data.json,2022-07-10 21:00:06.257,2022-07-10 21:00:06.257,com.sec.android.app.shealth,0,12770,1.5816879,10226.68,524.47,e7FCb+MfnB,com.sec.android.app.shealth,69c5fbb7-e272-4c91-9b0b-921dcf4fb3a1,1657411200000,
ddecd577-f65e-42e8-acda-d48ab969ab26.binning_data.json,2022-07-02 21:00:08.116,2022-07-02 21:00:08.116,com.sec.android.app.shealth,0,10705,1.5425478,8498.43,431.93,e7FCb+MfnB,com.sec.android.app.shealth,ddecd577-f65e-42e8-acda-d48ab969ab26,1656720000000,
a9d7fafb-db9c-41d8-8502-3cbccd98ba31.binning_data.json,2022-06-30 20:45:18.960,2022-06-30 07:38:51.000,com.sec.android.app.shealth,-2,10930,1.7153814,9094.12,476.18997,VfS0qUERdZ,com.sec.android.app.shealth,a9d7fafb-db9c-41d8-8502-3cbccd98ba31,1656547200000,
3b8701f7-9217-47ac-8a79-e2b526ed2399.binning_data.json,2022-07-10 19:23:17.115,2022-07-09 22:01:57.487,com.sec.android.app.shealth,-2,12770,1.5816879,10226.68,524.47,VfS0qUERdZ,com.sec.android.app.shealth,3b8701f7-9217-47ac-8a79-e2b526ed2399,1657411200000,
f8523542-3988-437b-a327-9c70574e4037.binning_data.json,2022-07-13 21:00:35.190,2022-07-13 21:00:35.190,com.sec.android.app.shealth,0,15864,1.559262,12692.26,651.36,e7FCb+MfnB,com.sec.android.app.shealth,f8523542-3988-437b-a327-9c70574e4037,1657670400000,
47abc754-60c9-450c-85f1-c492a0d67595.binning_data.json,2022-07-06 21:00:06.908,2022-07-06 21:00:06.908,com.sec.android.app.shealth,0,19190,1.6771191,15794.52,821.79,e7FCb+MfnB,com.sec.android.app.shealth,47abc754-60c9-450c-85f1-c492a0d67595,1657065600000,
7b1302e0-cf45-4714-90d5-af3653a76768.binning_data.json,2022-07-05 21:00:57.622,2022-07-05 21:00:16.069,com.sec.android.app.shealth,0,25782,1.7487271,21642.26,1142.6599,e7FCb+MfnB,com.sec.android.app.shealth,7b1302e0-cf45-4714-90d5-af3653a76768,1656979200000,
b81681fa-6e55-4eef-9a26-3e400541241c.binning_data.json,2022-07-13 20:48:16.683,2022-07-12 22:33:19.701,com.sec.android.app.shealth,-2,15864,1.559262,12692.26,651.36,VfS0qUERdZ,com.sec.android.app.shealth,b81681fa-6e55-4eef-9a26-3e400541241c,1657670400000,
235af6e9-7e2d-4a65-a0cd-436d5235a62e.binning_data.json,2022-06-23 20:33:09.855,2022-06-23 08:15:02.248,com.sec.android.app.shealth,-2,12237,1.6520245,9871.41,500.25,VfS0qUERdZ,com.sec.android.app.shealth,235af6e9-7e2d-4a65-a0cd-436d5235a62e,1655942400000,
0cc83542-1087-4ecb-b164-d905c187fa72.binning_data.json,2022-07-04 21:00:30.198,2022-07-02 21:03:03.530,com.sec.android.app.shealth,-2,9912,1.618945,8010.92,412.93997,VfS0qUERdZ,com.sec.android.app.shealth,0cc83542-1087-4ecb-b164-d905c187fa72,1656806400000,
12029788-ca93-4e9b-81ee-04ceace59eea.binning_data.json,2022-07-09 21:00:03.791,2022-07-09 21:00:03.791,com.sec.android.app.shealth,0,9503,1.7758551,8044.62,429.55997,e7FCb+MfnB,com.sec.android.app.shealth,12029788-ca93-4e9b-81ee-04ceace59eea,1657324800000,
aac4f8e8-2a8f-460d-b944-8444de7597f8.binning_data.json,2022-07-16 20:39:54.783,2022-07-15 22:23:24.070,com.sec.android.app.shealth,-2,5377,1.5733755,4253.12,214.04999,VfS0qUERdZ,com.sec.android.app.shealth,aac4f8e8-2a8f-460d-b944-8444de7597f8,1657929600000,
d74afa42-8c5b-4f49-ad99-69c77066e946.binning_data.json,2022-07-08 21:00:05.275,2022-07-08 21:00:05.275,com.sec.android.app.shealth,0,17567,1.751876,14849.16,792.69,e7FCb+MfnB,com.sec.android.app.shealth,d74afa42-8c5b-4f49-ad99-69c77066e946,1657238400000,
0f7b1fdf-7057-41d6-84dd-391ba507f543.binning_data.json,2022-07-16 21:00:04.915,2022-07-16 21:00:04.915,com.sec.android.app.shealth,0,5377,1.5733755,4253.12,214.04999,e7FCb+MfnB,com.sec.android.app.shealth,0f7b1fdf-7057-41d6-84dd-391ba507f543,1657929600000,
28d7fd11-6395-443a-a39c-155f86b3b4eb.binning_data.json,2022-07-12 21:00:05.920,2022-07-12 21:00:05.920,com.sec.android.app.shealth,0,11395,1.7009866,9379.62,484.09,e7FCb+MfnB,com.sec.android.app.shealth,28d7fd11-6395-443a-a39c-155f86b3b4eb,1657584000000,
f44b9b8f-16ed-49aa-85c8-ecbad715a049.binning_data.json,2022-06-26 19:47:12.017,2022-06-26 05:38:07.560,com.sec.android.app.shealth,-2,9551,1.7450224,7971.48,412.94998,VfS0qUERdZ,com.sec.android.app.shealth,f44b9b8f-16ed-49aa-85c8-ecbad715a049,1656201600000,
953d0294-a7aa-4b12-a8dd-05ec17aade56.binning_data.json,2022-07-11 21:00:04.603,2022-07-11 21:00:04.603,com.sec.android.app.shealth,0,12508,1.6256702,10126.939,522.79,e7FCb+MfnB,com.sec.android.app.shealth,953d0294-a7aa-4b12-a8dd-05ec17aade56,1657497600000,
a8e4820a-de19-4a29-9efd-09847ab0db8f.binning_data.json,2022-07-19 20:35:01.184,2022-07-18 21:03:01.362,com.sec.android.app.shealth,-2,15990,1.6803981,12937.34,653.16,VfS0qUERdZ,com.sec.android.app.shealth,a8e4820a-de19-4a29-9efd-09847ab0db8f,1658188800000,
24cf63c4-251a-4391-94ba-93dfa7e5ce24.binning_data.json,2022-07-06 19:11:45.969,2022-07-05 21:08:35.343,com.sec.android.app.shealth,-2,19190,1.6771191,15794.52,821.79,VfS0qUERdZ,com.sec.android.app.shealth,24cf63c4-251a-4391-94ba-93dfa7e5ce24,1657065600000,
44f83b5e-6129-44fa-95b3-27f2b4e1989d.binning_data.json,2022-07-15 21:00:03.980,2022-07-15 21:00:03.980,com.sec.android.app.shealth,0,7609,1.6228521,6117.6294,309.64996,e7FCb+MfnB,com.sec.android.app.shealth,44f83b5e-6129-44fa-95b3-27f2b4e1989d,1657843200000,
18f56200-c789-4c44-bf70-cde215918398.binning_data.json,2022-07-19 21:00:03.841,2022-07-19 21:00:03.841,com.sec.android.app.shealth,0,15990,1.6803981,12937.34,653.16,e7FCb+MfnB,com.sec.android.app.shealth,18f56200-c789-4c44-bf70-cde215918398,1658188800000,
0ade202f-d158-4a3b-925e-ff8c05d6ce93.binning_data.json,2022-07-09 20:46:32.166,2022-07-09 08:58:24.770,com.sec.android.app.shealth,-2,9503,1.7758551,8044.62,429.55997,VfS0qUERdZ,com.sec.android.app.shealth,0ade202f-d158-4a3b-925e-ff8c05d6ce93,1657324800000,
f02cc190-9d55-4c43-b669-d8ef6d047c0e.binning_data.json,2022-07-18 21:00:07.435,2022-07-18 21:00:07.435,com.sec.android.app.shealth,0,19380,1.8827097,17005.86,949.2299,e7FCb+MfnB,com.sec.android.app.shealth,f02cc190-9d55-4c43-b669-d8ef6d047c0e,1658102400000,
badc9b94-52ac-4b58-93d6-610388c09a8d.binning_data.json,2022-06-29 20:59:41.461,2022-06-28 21:06:36.907,com.sec.android.app.shealth,-2,20085,1.8753581,17508.09,961.06,VfS0qUERdZ,com.sec.android.app.shealth,badc9b94-52ac-4b58-93d6-610388c09a8d,1656460800000,
6198ecb4-b0aa-4ac9-ab04-21784167f11a.binning_data.json,2022-07-22 19:46:30.805,2022-07-21 22:58:42.256,com.sec.android.app.shealth,-2,9833,1.591612,7856.1196,399.00998,VfS0qUERdZ,com.sec.android.app.shealth,6198ecb4-b0aa-4ac9-ab04-21784167f11a,1658448000000,
56e42f31-1b20-4765-9adb-fa3bda96c134.binning_data.json,2022-07-14 21:00:09.361,2022-07-14 21:00:09.361,com.sec.android.app.shealth,0,32474,1.7178702,26829.648,1415.1699,e7FCb+MfnB,com.sec.android.app.shealth,56e42f31-1b20-4765-9adb-fa3bda96c134,1657756800000,
e04fe333-1b8f-4618-bd27-0693d242d291.binning_data.json,2022-07-22 21:00:16.900,2022-07-22 21:00:16.900,com.sec.android.app.shealth,0,9833,1.591612,7856.1196,399.00998,e7FCb+MfnB,com.sec.android.app.shealth,e04fe333-1b8f-4618-bd27-0693d242d291,1658448000000,
c9994486-6661-4300-a340-d1470b56a4a4.binning_data.json,2022-07-12 20:25:09.853,2022-07-11 22:12:13.628,com.sec.android.app.shealth,-2,11395,1.7009866,9379.62,484.09,VfS0qUERdZ,com.sec.android.app.shealth,c9994486-6661-4300-a340-d1470b56a4a4,1657584000000,
1e50f149-b708-4985-92ad-62b6e0b6b9c1.binning_data.json,2022-07-21 21:00:04.676,2022-07-21 21:00:04.676,com.sec.android.app.shealth,0,12914,1.6274122,10481.46,537.67,e7FCb+MfnB,com.sec.android.app.shealth,1e50f149-b708-4985-92ad-62b6e0b6b9c1,1658361600000,
6670aa10-e125-4be5-8073-39ddff8fd9b7.binning_data.json,2022-07-25 20:07:09.464,2022-07-24 21:55:43.091,com.sec.android.app.shealth,-2,19364,1.6458294,15558.57,786.80994,VfS0qUERdZ,com.sec.android.app.shealth,6670aa10-e125-4be5-8073-39ddff8fd9b7,1658707200000,
8a7aa7c9-92c7-4f56-8f61-66cb11b3c916.binning_data.json,2022-07-17 21:00:05.990,2022-07-17 21:00:05.990,com.sec.android.app.shealth,0,14361,1.6535102,11654.39,600.29,e7FCb+MfnB,com.sec.android.app.shealth,8a7aa7c9-92c7-4f56-8f61-66cb11b3c916,1658016000000,
571c25e5-fd6f-42f2-b4e1-3fb83d2391f5.binning_data.json,2022-07-02 20:58:35.428,2022-07-02 06:55:02.852,com.sec.android.app.shealth,-2,10705,1.5425478,8498.43,431.93,VfS0qUERdZ,com.sec.android.app.shealth,571c25e5-fd6f-42f2-b4e1-3fb83d2391f5,1656720000000,
ea241224-210a-400e-9957-37f1bf94489f.binning_data.json,2022-07-15 18:38:47.191,2022-07-15 09:16:05.797,com.sec.android.app.shealth,-2,7609,1.6228521,6117.6294,309.64996,VfS0qUERdZ,com.sec.android.app.shealth,ea241224-210a-400e-9957-37f1bf94489f,1657843200000,
727ff857-d6c1-442f-97e6-5a48bdd61dec.binning_data.json,2022-07-24 21:00:05.994,2022-07-24 21:00:05.994,com.sec.android.app.shealth,0,18276,1.6812072,14814.5205,748.41,e7FCb+MfnB,com.sec.android.app.shealth,727ff857-d6c1-442f-97e6-5a48bdd61dec,1658620800000,
2a558dba-40bf-4542-b54d-eadb0d4e21a8.binning_data.json,2022-07-28 20:56:46.026,2022-07-27 21:08:13.086,com.sec.android.app.shealth,-2,9640,1.5812564,7668.1,388.33,VfS0qUERdZ,com.sec.android.app.shealth,2a558dba-40bf-4542-b54d-eadb0d4e21a8,1658966400000,
65cb6925-bde7-42c8-91d1-f0cb78e155f6.binning_data.json,2022-07-25 21:00:14.716,2022-07-25 21:00:14.716,com.sec.android.app.shealth,0,19364,1.6458294,15558.57,786.80994,e7FCb+MfnB,com.sec.android.app.shealth,65cb6925-bde7-42c8-91d1-f0cb78e155f6,1658707200000,
0a156d35-d1db-44ce-ab26-77b8f565ea68.binning_data.json,2022-07-20 21:00:06.178,2022-07-20 21:00:06.178,com.sec.android.app.shealth,0,15276,1.6080236,12249.17,623.14996,e7FCb+MfnB,com.sec.android.app.shealth,0a156d35-d1db-44ce-ab26-77b8f565ea68,1658275200000,
8fd40958-907d-42fa-8e45-5478f22ea3f2.binning_data.json,2022-07-05 21:00:59.714,2022-07-05 05:51:49.590,com.sec.android.app.shealth,-2,25782,1.7487271,21642.26,1142.6599,VfS0qUERdZ,com.sec.android.app.shealth,8fd40958-907d-42fa-8e45-5478f22ea3f2,1656979200000,
b310e53e-ea2c-4083-b3a4-7ccd70e731c2.binning_data.json,2022-07-27 21:00:10.586,2022-07-27 21:00:10.586,com.sec.android.app.shealth,0,8879,1.648594,7156.6396,363.77997,e7FCb+MfnB,com.sec.android.app.shealth,b310e53e-ea2c-4083-b3a4-7ccd70e731c2,1658880000000,
280786f7-71e1-4296-ba88-7bf7899c425d.binning_data.json,2022-07-18 20:37:28.160,2022-07-17 21:23:51.050,com.sec.android.app.shealth,-2,19380,1.8827097,17005.86,949.2299,VfS0qUERdZ,com.sec.android.app.shealth,280786f7-71e1-4296-ba88-7bf7899c425d,1658102400000,
75ac3536-c0b6-4c6b-bc76-58f6e69af5db.binning_data.json,2022-07-28 21:00:16.086,2022-07-28 21:00:16.086,com.sec.android.app.shealth,0,9640,1.5812564,7668.1,388.33,e7FCb+MfnB,com.sec.android.app.shealth,75ac3536-c0b6-4c6b-bc76-58f6e69af5db,1658966400000,
ab584bb2-1ef5-4eb3-9034-af27f9c430a8.binning_data.json,2022-08-01 21:00:14.893,2022-07-30 21:52:16.952,com.sec.android.app.shealth,-2,12948,1.6458849,10675.51,565.7999,VfS0qUERdZ,com.sec.android.app.shealth,ab584bb2-1ef5-4eb3-9034-af27f9c430a8,1659225600000,
1b6bb007-9a1d-4e53-a9bc-ffc5cfb81015.binning_data.json,2022-07-23 21:00:56.210,2022-07-23 21:00:56.210,com.sec.android.app.shealth,0,19773,1.6481395,15950.2,809.38995,e7FCb+MfnB,com.sec.android.app.shealth,1b6bb007-9a1d-4e53-a9bc-ffc5cfb81015,1658534400000,
621ad790-cdb0-4b84-be47-cf285e8e3210.binning_data.json,2022-07-30 18:54:18.379,2022-07-29 21:01:21.015,com.sec.android.app.shealth,-2,15644,1.6423662,12605.041,633.7999,VfS0qUERdZ,com.sec.android.app.shealth,621ad790-cdb0-4b84-be47-cf285e8e3210,1659139200000,
3af8a5f1-4bfb-4d3e-84d5-f2f2cbe615f8.binning_data.json,2022-07-21 20:38:38.736,2022-07-20 22:30:41.370,com.sec.android.app.shealth,-2,12914,1.6274122,10481.46,537.67,VfS0qUERdZ,com.sec.android.app.shealth,3af8a5f1-4bfb-4d3e-84d5-f2f2cbe615f8,1658361600000,
76379b99-d0e1-4b08-8c95-387ca68f072a.binning_data.json,2022-07-31 21:00:38.967,2022-07-31 21:00:05.935,com.sec.android.app.shealth,0,12948,1.6458849,10675.51,565.7999,e7FCb+MfnB,com.sec.android.app.shealth,76379b99-d0e1-4b08-8c95-387ca68f072a,1659225600000,
27a777ce-9f6d-448a-a53e-757a2bab9c96.binning_data.json,2022-07-08 20:43:47.398,2022-07-07 21:59:30.933,com.sec.android.app.shealth,-2,17567,1.751876,14849.16,792.69,VfS0qUERdZ,com.sec.android.app.shealth,27a777ce-9f6d-448a-a53e-757a2bab9c96,1657238400000,
1c88ed4d-382b-4d98-92a8-7d2cd0d46055.binning_data.json,2022-07-24 20:52:31.809,2022-07-23 21:51:32.288,com.sec.android.app.shealth,-2,18276,1.6812072,14814.5205,748.41,VfS0qUERdZ,com.sec.android.app.shealth,1c88ed4d-382b-4d98-92a8-7d2cd0d46055,1658620800000,
084f6cae-68c0-4784-9f81-883347241510.binning_data.json,2022-08-03 21:00:17.512,2022-08-03 21:00:17.512,com.sec.android.app.shealth,0,11220,1.5597523,8966.31,456.65997,e7FCb+MfnB,com.sec.android.app.shealth,084f6cae-68c0-4784-9f81-883347241510,1659484800000,
90fbbc0f-4346-4acf-83cf-041b812a3d8c.binning_data.json,2022-07-26 21:00:10.857,2022-07-26 21:00:10.857,com.sec.android.app.shealth,0,12906,1.6578127,10439.97,530.29,e7FCb+MfnB,com.sec.android.app.shealth,90fbbc0f-4346-4acf-83cf-041b812a3d8c,1658793600000,
29cadd5a-95a9-4e91-a481-445160e96cc2.binning_data.json,2022-08-03 20:47:00.075,2022-08-02 21:21:03.295,com.sec.android.app.shealth,-2,11220,1.5597523,8966.31,456.65997,VfS0qUERdZ,com.sec.android.app.shealth,29cadd5a-95a9-4e91-a481-445160e96cc2,1659484800000,
772961e6-0839-4cb4-827d-d6404157dc78.binning_data.json,2022-08-02 21:00:07.993,2022-08-02 21:00:07.993,com.sec.android.app.shealth,0,12124,1.6409522,9911.04,509.13998,e7FCb+MfnB,com.sec.android.app.shealth,772961e6-0839-4cb4-827d-d6404157dc78,1659398400000,
5beb0347-58a1-4056-94a0-0adea3047104.binning_data.json,2022-07-29 21:00:19.481,2022-07-29 21:00:04.754,com.sec.android.app.shealth,0,10328,1.5594398,8209.75,416.83997,e7FCb+MfnB,com.sec.android.app.shealth,5beb0347-58a1-4056-94a0-0adea3047104,1659052800000,
76c826b6-7c3e-45bd-a3ab-35e0f349c02d.binning_data.json,2022-08-06 20:51:17.151,2022-08-05 21:06:09.179,com.sec.android.app.shealth,-2,9747,1.6926408,7998.68,410.94998,VfS0qUERdZ,com.sec.android.app.shealth,76c826b6-7c3e-45bd-a3ab-35e0f349c02d,1659744000000,
0b67bbdb-cbfb-4de2-baaa-ec30ae9b5cc0.binning_data.json,2022-07-27 20:56:28.340,2022-07-26 21:31:06.971,com.sec.android.app.shealth,-2,8879,1.648594,7156.6396,363.77997,VfS0qUERdZ,com.sec.android.app.shealth,0b67bbdb-cbfb-4de2-baaa-ec30ae9b5cc0,1658880000000,
da1b99db-6936-4734-9da0-3427f7ea3a49.binning_data.json,2022-08-06 21:00:03.921,2022-08-06 21:00:03.921,com.sec.android.app.shealth,0,9747,1.6926408,7998.68,410.94998,e7FCb+MfnB,com.sec.android.app.shealth,da1b99db-6936-4734-9da0-3427f7ea3a49,1659744000000,
2ab70089-cfa4-4e04-980c-eb6b8a156a29.binning_data.json,2022-08-05 21:00:04.300,2022-08-05 21:00:04.300,com.sec.android.app.shealth,0,14188,1.7349142,11802.61,607.63995,e7FCb+MfnB,com.sec.android.app.shealth,2ab70089-cfa4-4e04-980c-eb6b8a156a29,1659657600000,
9c8a11af-a371-415c-94ef-c8a3699120c3.binning_data.json,2022-07-11 18:47:33.843,2022-07-10 21:51:04.973,com.sec.android.app.shealth,-2,12508,1.6256702,10126.939,522.79,VfS0qUERdZ,com.sec.android.app.shealth,9c8a11af-a371-415c-94ef-c8a3699120c3,1657497600000,
e9dabfd1-0d0c-40d8-9c7e-c38c9b787f72.binning_data.json,2022-08-09 19:57:18.061,2022-08-09 05:27:20.708,com.sec.android.app.shealth,-2,15042,1.604304,12136.369,618.9199,VfS0qUERdZ,com.sec.android.app.shealth,e9dabfd1-0d0c-40d8-9c7e-c38c9b787f72,1660003200000,
decd25e4-fc2c-4916-ba26-ce6ed9cb4c69.binning_data.json,2022-07-30 21:00:15.102,2022-07-29 21:00:19.440,com.sec.android.app.shealth,0,15644,1.6423662,12605.041,633.7999,e7FCb+MfnB,com.sec.android.app.shealth,decd25e4-fc2c-4916-ba26-ce6ed9cb4c69,1659139200000,
b7acb3e7-2980-48ad-b1d8-483e1732a01a.binning_data.json,2022-08-09 21:00:06.288,2022-08-09 21:00:06.288,com.sec.android.app.shealth,0,15042,1.604304,12136.369,618.9199,e7FCb+MfnB,com.sec.android.app.shealth,b7acb3e7-2980-48ad-b1d8-483e1732a01a,1660003200000,
2bfc3602-df54-4793-b0f9-0dda80281759.binning_data.json,2022-08-01 21:00:12.811,2022-07-31 21:00:38.802,com.sec.android.app.shealth,0,16079,1.8796016,14032.279,774.23,e7FCb+MfnB,com.sec.android.app.shealth,2bfc3602-df54-4793-b0f9-0dda80281759,1659312000000,
74113928-44e1-4b59-8fb0-e41eae1e7d94.binning_data.json,2022-07-14 21:00:11.232,2022-07-13 21:35:11.280,com.sec.android.app.shealth,-2,32474,1.7178702,26829.648,1415.1699,VfS0qUERdZ,com.sec.android.app.shealth,74113928-44e1-4b59-8fb0-e41eae1e7d94,1657756800000,
c8fd446c-4997-461e-97ad-b62b39ada52c.binning_data.json,2022-08-08 21:00:12.447,2022-08-08 21:00:12.447,com.sec.android.app.shealth,0,16412,1.783712,13707.21,712.95996,e7FCb+MfnB,com.sec.android.app.shealth,c8fd446c-4997-461e-97ad-b62b39ada52c,1659916800000,
10bda937-940a-4e87-8d7e-f37b36bc15c8.binning_data.json,2022-08-12 19:13:43.899,2022-08-12 07:55:02.477,com.sec.android.app.shealth,-2,15934,1.8691932,13862.02,761.87994,VfS0qUERdZ,com.sec.android.app.shealth,10bda937-940a-4e87-8d7e-f37b36bc15c8,1660262400000,
6f550900-79fa-48f6-bd64-28e2eba662fa.binning_data.json,2022-08-12 21:00:04.533,2022-08-12 21:00:04.533,com.sec.android.app.shealth,0,15934,1.8691932,13862.02,761.87994,e7FCb+MfnB,com.sec.android.app.shealth,6f550900-79fa-48f6-bd64-28e2eba662fa,1660262400000,
2901a6f0-de40-42d2-884f-7b6a3c63457b.binning_data.json,2022-07-17 20:59:03.945,2022-07-16 22:06:36.619,com.sec.android.app.shealth,-2,14361,1.6535102,11654.39,600.29,VfS0qUERdZ,com.sec.android.app.shealth,2901a6f0-de40-42d2-884f-7b6a3c63457b,1658016000000,
79badd46-29d2-43f5-b621-ef9d5730ecb7.binning_data.json,2022-08-04 21:00:11.095,2022-08-04 21:00:11.095,com.sec.android.app.shealth,0,16483,1.7831436,13885.85,729.08997,e7FCb+MfnB,com.sec.android.app.shealth,79badd46-29d2-43f5-b621-ef9d5730ecb7,1659571200000,
2c06593a-1981-472f-8db6-bf42e02d298b.binning_data.json,2022-08-11 21:00:10.044,2022-08-10 21:00:06.989,com.sec.android.app.shealth,-2,25341,1.7462739,21137.53,1109.09,VfS0qUERdZ,com.sec.android.app.shealth,2c06593a-1981-472f-8db6-bf42e02d298b,1660176000000,
4af1fa08-b41b-4832-99cd-38b9f301c21e.binning_data.json,2022-08-15 21:00:50.569,2022-08-15 21:00:32.628,com.sec.android.app.shealth,0,8146,1.5872022,6520.07,331.83,e7FCb+MfnB,com.sec.android.app.shealth,4af1fa08-b41b-4832-99cd-38b9f301c21e,1660521600000,
66399f6f-7e57-4202-bf93-a728d8a9d89a.binning_data.json,2022-07-20 20:09:07.237,2022-07-19 21:11:11.698,com.sec.android.app.shealth,-2,15276,1.6080236,12249.17,623.14996,VfS0qUERdZ,com.sec.android.app.shealth,66399f6f-7e57-4202-bf93-a728d8a9d89a,1658275200000,
1345442d-5cbb-42c9-9675-4e6df64ccc34.binning_data.json,2022-08-02 19:25:33.582,2022-08-01 22:03:00.532,com.sec.android.app.shealth,-2,12124,1.6409522,9911.04,509.13998,VfS0qUERdZ,com.sec.android.app.shealth,1345442d-5cbb-42c9-9675-4e6df64ccc34,1659398400000,
fc0f0d80-c142-4066-8d28-e5b91804df90.binning_data.json,2022-08-14 21:00:03.348,2022-08-14 21:00:03.348,com.sec.android.app.shealth,0,5432,1.5557507,4338.51,221.76997,e7FCb+MfnB,com.sec.android.app.shealth,fc0f0d80-c142-4066-8d28-e5b91804df90,1660435200000,
23d9dfc6-26cf-4c78-a7bf-2470e17c2116.binning_data.json,2022-08-15 21:00:48.786,2022-08-14 21:02:49.513,com.sec.android.app.shealth,-2,8146,1.5872022,6520.07,331.83,VfS0qUERdZ,com.sec.android.app.shealth,23d9dfc6-26cf-4c78-a7bf-2470e17c2116,1660521600000,
83723ee2-70b3-4bed-950e-d62d6ab49144.binning_data.json,2022-08-18 21:00:05.815,2022-08-18 21:00:05.815,com.sec.android.app.shealth,0,12008,1.6018358,9663.439,492.83997,e7FCb+MfnB,com.sec.android.app.shealth,83723ee2-70b3-4bed-950e-d62d6ab49144,1660780800000,
13b5b799-01b5-4610-bc03-9d5e39699bac.binning_data.json,2022-08-07 21:00:05.831,2022-08-07 21:00:05.831,com.sec.android.app.shealth,0,17486,1.5953215,13945.52,705.7799,e7FCb+MfnB,com.sec.android.app.shealth,13b5b799-01b5-4610-bc03-9d5e39699bac,1659830400000,
7657e92c-0ba3-49a8-b1af-b5ed77f47e25.binning_data.json,2022-07-23 20:21:37.728,2022-07-22 21:41:21.333,com.sec.android.app.shealth,-2,19773,1.6481395,15950.2,809.38995,VfS0qUERdZ,com.sec.android.app.shealth,7657e92c-0ba3-49a8-b1af-b5ed77f47e25,1658534400000,
66a715ca-3eda-4d2b-b0b1-c59bfd6411d6.binning_data.json,2022-08-05 20:17:07.083,2022-08-04 21:36:10.931,com.sec.android.app.shealth,-2,14188,1.7349142,11802.61,607.63995,VfS0qUERdZ,com.sec.android.app.shealth,66a715ca-3eda-4d2b-b0b1-c59bfd6411d6,1659657600000,
9fe7653f-d6f6-4a96-8ff5-334b69df39a2.binning_data.json,2022-08-18 20:58:34.599,2022-08-17 21:55:57.201,com.sec.android.app.shealth,-2,12008,1.6018358,9663.439,492.83997,VfS0qUERdZ,com.sec.android.app.shealth,9fe7653f-d6f6-4a96-8ff5-334b69df39a2,1660780800000,
b97f7e31-12d4-4fa3-9f7f-a17cb5cbb9a6.binning_data.json,2022-08-17 21:00:07.795,2022-08-17 21:00:07.795,com.sec.android.app.shealth,0,16634,1.6602303,13470.33,679.49,e7FCb+MfnB,com.sec.android.app.shealth,b97f7e31-12d4-4fa3-9f7f-a17cb5cbb9a6,1660694400000,
c7ecd8c9-7adc-4361-8654-c219f8748f09.binning_data.json,2022-07-26 20:29:41.062,2022-07-25 22:14:59.138,com.sec.android.app.shealth,-2,12906,1.6578127,10439.97,530.29,VfS0qUERdZ,com.sec.android.app.shealth,c7ecd8c9-7adc-4361-8654-c219f8748f09,1658793600000,
1cf29632-f1e9-42e4-a02e-467ddf838072.binning_data.json,2022-08-11 21:00:08.566,2022-08-10 21:00:04.656,com.sec.android.app.shealth,0,25341,1.7462739,21137.53,1109.09,e7FCb+MfnB,com.sec.android.app.shealth,1cf29632-f1e9-42e4-a02e-467ddf838072,1660176000000,
3616a0d8-883d-4b55-afd6-1602b8928b4e.binning_data.json,2022-08-20 21:00:04.036,2022-08-20 21:00:04.036,com.sec.android.app.shealth,0,4427,1.717379,3671.06,187.48,e7FCb+MfnB,com.sec.android.app.shealth,3616a0d8-883d-4b55-afd6-1602b8928b4e,1660953600000,
5eff0fe1-c8c3-4de2-b1e9-3f442da746c9.binning_data.json,2022-08-21 00:10:36.063,2022-08-20 22:38:37.906,com.sec.android.app.shealth,-2,128,1.5422767,100.3,4.7999997,VfS0qUERdZ,com.sec.android.app.shealth,5eff0fe1-c8c3-4de2-b1e9-3f442da746c9,1661040000000,
1b8a572f-69b7-42ff-8e9f-20cbe7f33974.binning_data.json,2022-08-08 18:29:56.620,2022-08-07 21:14:16.873,com.sec.android.app.shealth,-2,16412,1.783712,13707.21,712.95996,VfS0qUERdZ,com.sec.android.app.shealth,1b8a572f-69b7-42ff-8e9f-20cbe7f33974,1659916800000,
151c3d19-9b31-4e6c-bfce-9733da86de69.binning_data.json,2022-07-30 21:00:16.995,2022-07-28 21:47:24.549,com.sec.android.app.shealth,-2,10328,1.5594398,8209.75,416.83997,VfS0qUERdZ,com.sec.android.app.shealth,151c3d19-9b31-4e6c-bfce-9733da86de69,1659052800000,
4e7d7cae-764b-4ced-8845-e5bcd27578c5.binning_data.json,2022-08-10 21:00:04.781,2022-08-10 21:00:04.781,com.sec.android.app.shealth,0,17983,1.6900736,14619.3,742.3599,e7FCb+MfnB,com.sec.android.app.shealth,4e7d7cae-764b-4ced-8845-e5bcd27578c5,1660089600000,
c528d7b0-4ed4-40a2-9cd4-c7370ecc8b1a.binning_data.json,2022-08-13 21:00:31.492,2022-08-13 21:00:31.492,com.sec.android.app.shealth,0,8775,1.6559684,7191.15,371.74997,e7FCb+MfnB,com.sec.android.app.shealth,c528d7b0-4ed4-40a2-9cd4-c7370ecc8b1a,1660348800000,
7e250618-2698-4322-9a07-747197fb0c08.binning_data.json,2022-08-01 20:57:46.112,2022-07-31 21:00:31.481,com.sec.android.app.shealth,-2,16079,1.8796016,14032.279,774.23,VfS0qUERdZ,com.sec.android.app.shealth,7e250618-2698-4322-9a07-747197fb0c08,1659312000000,
88a0d956-09eb-4121-bd9e-f83b051017a4.binning_data.json,2022-08-14 20:15:47.469,2022-08-13 21:28:00.119,com.sec.android.app.shealth,-2,5432,1.5557507,4338.51,221.76997,VfS0qUERdZ,com.sec.android.app.shealth,88a0d956-09eb-4121-bd9e-f83b051017a4,1660435200000,
e8b872ff-d3d7-4aef-b124-271f114d4aec.binning_data.json,2022-08-16 21:00:04.918,2022-08-16 21:00:04.918,com.sec.android.app.shealth,0,15469,1.6801627,12737.649,651.93,e7FCb+MfnB,com.sec.android.app.shealth,e8b872ff-d3d7-4aef-b124-271f114d4aec,1660608000000,
d35ef019-535b-47f7-8eb8-700eda8c30a6.binning_data.json,2022-08-04 20:31:20.170,2022-08-04 08:28:47.766,com.sec.android.app.shealth,-2,16483,1.7831436,13885.85,729.08997,VfS0qUERdZ,com.sec.android.app.shealth,d35ef019-535b-47f7-8eb8-700eda8c30a6,1659571200000,
cc4c96bf-2be0-4e72-941b-dcac2c3afd4d.binning_data.json,2022-08-17 18:51:17.092,2022-08-16 21:24:10.656,com.sec.android.app.shealth,-2,16634,1.6602303,13470.33,679.49,VfS0qUERdZ,com.sec.android.app.shealth,cc4c96bf-2be0-4e72-941b-dcac2c3afd4d,1660694400000,
be39b5e4-b074-4ed5-b01a-05076d42d901.binning_data.json,2022-08-19 21:00:06.383,2022-08-19 21:00:06.383,com.sec.android.app.shealth,0,14292,1.6129909,11538.0,589.81,e7FCb+MfnB,com.sec.android.app.shealth,be39b5e4-b074-4ed5-b01a-05076d42d901,1660867200000,
4aca2ddb-dbda-4f45-97c0-e579b1783627.binning_data.json,2022-08-07 20:46:28.387,2022-08-06 21:04:03.482,com.sec.android.app.shealth,-2,17486,1.5953215,13945.52,705.7799,VfS0qUERdZ,com.sec.android.app.shealth,4aca2ddb-dbda-4f45-97c0-e579b1783627,1659830400000,
8e4bb84f-1b04-412a-8e3d-2aa845890e3b.binning_data.json,2022-08-20 19:13:49.392,2022-08-19 21:10:29.766,com.sec.android.app.shealth,-2,4427,1.717379,3671.06,187.48,VfS0qUERdZ,com.sec.android.app.shealth,8e4bb84f-1b04-412a-8e3d-2aa845890e3b,1660953600000,
d7aada1a-4e34-46cf-a26c-557b89fff2f1.binning_data.json,2022-08-10 21:00:07.364,2022-08-09 21:22:45.502,com.sec.android.app.shealth,-2,17983,1.6900736,14619.3,742.3599,VfS0qUERdZ,com.sec.android.app.shealth,d7aada1a-4e34-46cf-a26c-557b89fff2f1,1660089600000,
2409cc7b-5c52-4077-a145-a7b024a44c6a.binning_data.json,2022-08-13 20:16:39.702,2022-08-12 22:32:17.528,com.sec.android.app.shealth,-2,8775,1.6559684,7191.15,371.74997,VfS0qUERdZ,com.sec.android.app.shealth,2409cc7b-5c52-4077-a145-a7b024a44c6a,1660348800000,
6a60911e-bc32-47a9-a9d2-65c2f89d59be.binning_data.json,2022-08-16 20:50:57.570,2022-08-15 21:31:34.869,com.sec.android.app.shealth,-2,15469,1.6801627,12737.649,651.93,VfS0qUERdZ,com.sec.android.app.shealth,6a60911e-bc32-47a9-a9d2-65c2f89d59be,1660608000000,
9662c8fb-0563-4ac0-b5ad-9f0c4ff24dde.binning_data.json,2022-08-19 17:52:13.311,2022-08-18 21:02:10.512,com.sec.android.app.shealth,-2,14292,1.6129909,11538.0,589.81,VfS0qUERdZ,com.sec.android.app.shealth,9662c8fb-0563-4ac0-b5ad-9f0c4ff24dde,1660867200000,
